84 188 17 155 57 122 116 90 128 146 124 163 32 120 5 79 128 104 158 4 130 41 125 44 156 47 191 16 163 147 139 82 192 198 144 169 64 11 3 14 15 29 54 151 148 170 125 65 179 62 74 59 127 58 92 73 134 167 132 110 122 94 136 94 36 97 147 27 196 31 172 38 14 76 118 64 7 175 96 26 145 17 134 98 60 26 80 94 77 78 186 166 75 48 92 69 95 102 34 128 
7 188 17 155 57 122 116 90 128 146 124 163 32 120 5 79 128 104 158 4 130 41 125 44 156 47 191 16 163 147 139 82 192 198 144 169 64 11 3 14 15 29 54 151 148 170 125 65 179 62 74 59 127 58 92 73 134 167 132 110 122 94 136 94 36 97 147 27 196 31 172 38 14 76 118 64 84 175 96 26 145 17 134 98 60 26 80 94 77 78 186 166 75 48 92 69 95 102 34 128 
7 175 17 155 57 122 116 90 128 146 124 163 32 120 5 79 128 104 158 4 130 41 125 44 156 47 191 16 163 147 139 82 192 198 144 169 64 11 3 14 15 29 54 151 148 170 125 65 179 62 74 59 127 58 92 73 134 167 132 110 122 94 136 94 36 97 147 27 196 31 172 38 14 76 118 64 84 188 96 26 145 17 134 98 60 26 80 94 77 78 186 166 75 48 92 69 95 102 34 128 
7 175 17 26 57 122 116 90 128 146 124 163 32 120 5 79 128 104 158 4 130 41 125 44 156 47 191 16 163 147 139 82 192 198 144 169 64 11 3 14 15 29 54 151 148 170 125 65 179 62 74 59 127 58 92 73 134 167 132 110 122 94 136 94 36 97 147 27 196 31 172 38 14 76 118 64 84 188 96 155 145 17 134 98 60 26 80 94 77 78 186 166 75 48 92 69 95 102 34 128 
7 175 17 26 57 17 116 90 128 146 124 163 32 120 5 79 128 104 158 4 130 41 125 44 156 47 191 16 163 147 139 82 192 198 144 169 64 11 3 14 15 29 54 151 148 170 125 65 179 62 74 59 127 58 92 73 134 167 132 110 122 94 136 94 36 97 147 27 196 31 172 38 14 76 118 64 84 188 96 155 145 122 134 98 60 26 80 94 77 78 186 166 75 48 92 69 95 102 34 128 
7 175 17 26 57 17 116 90 60 146 124 163 32 120 5 79 128 104 158 4 130 41 125 44 156 47 191 16 163 147 139 82 192 198 144 169 64 11 3 14 15 29 54 151 148 170 125 65 179 62 74 59 127 58 92 73 134 167 132 110 122 94 136 94 36 97 147 27 196 31 172 38 14 76 118 64 84 188 96 155 145 122 134 98 128 26 80 94 77 78 186 166 75 48 92 69 95 102 34 128 
7 175 17 26 57 17 116 90 60 26 124 163 32 120 5 79 128 104 158 4 130 41 125 44 156 47 191 16 163 147 139 82 192 198 144 169 64 11 3 14 15 29 54 151 148 170 125 65 179 62 74 59 127 58 92 73 134 167 132 110 122 94 136 94 36 97 147 27 196 31 172 38 14 76 118 64 84 188 96 155 145 122 134 98 128 146 80 94 77 78 186 166 75 48 92 69 95 102 34 128 
7 175 17 26 57 17 116 90 60 26 80 163 32 120 5 79 128 104 158 4 130 41 125 44 156 47 191 16 163 147 139 82 192 198 144 169 64 11 3 14 15 29 54 151 148 170 125 65 179 62 74 59 127 58 92 73 134 167 132 110 122 94 136 94 36 97 147 27 196 31 172 38 14 76 118 64 84 188 96 155 145 122 134 98 128 146 124 94 77 78 186 166 75 48 92 69 95 102 34 128 
7 175 17 26 57 17 116 90 60 26 80 94 32 120 5 79 128 104 158 4 130 41 125 44 156 47 191 16 163 147 139 82 192 198 144 169 64 11 3 14 15 29 54 151 148 170 125 65 179 62 74 59 127 58 92 73 134 167 132 110 122 94 136 94 36 97 147 27 196 31 172 38 14 76 118 64 84 188 96 155 145 122 134 98 128 146 124 163 77 78 186 166 75 48 92 69 95 102 34 128 
7 175 17 26 57 17 116 90 60 26 80 94 32 78 5 79 128 104 158 4 130 41 125 44 156 47 191 16 163 147 139 82 192 198 144 169 64 11 3 14 15 29 54 151 148 170 125 65 179 62 74 59 127 58 92 73 134 167 132 110 122 94 136 94 36 97 147 27 196 31 172 38 14 76 118 64 84 188 96 155 145 122 134 98 128 146 124 163 77 120 186 166 75 48 92 69 95 102 34 128 
7 175 17 26 57 17 116 90 60 26 80 94 32 78 5 79 75 104 158 4 130 41 125 44 156 47 191 16 163 147 139 82 192 198 144 169 64 11 3 14 15 29 54 151 148 170 125 65 179 62 74 59 127 58 92 73 134 167 132 110 122 94 136 94 36 97 147 27 196 31 172 38 14 76 118 64 84 188 96 155 145 122 134 98 128 146 124 163 77 120 186 166 128 48 92 69 95 102 34 128 
7 175 17 26 57 17 116 90 60 26 80 94 32 78 5 79 75 48 158 4 130 41 125 44 156 47 191 16 163 147 139 82 192 198 144 169 64 11 3 14 15 29 54 151 148 170 125 65 179 62 74 59 127 58 92 73 134 167 132 110 122 94 136 94 36 97 147 27 196 31 172 38 14 76 118 64 84 188 96 155 145 122 134 98 128 146 124 163 77 120 186 166 128 104 92 69 95 102 34 128 
7 175 17 26 57 17 116 90 60 26 80 94 32 78 5 79 75 48 92 4 130 41 125 44 156 47 191 16 163 147 139 82 192 198 144 169 64 11 3 14 15 29 54 151 148 170 125 65 179 62 74 59 127 58 92 73 134 167 132 110 122 94 136 94 36 97 147 27 196 31 172 38 14 76 118 64 84 188 96 155 145 122 134 98 128 146 124 163 77 120 186 166 128 104 158 69 95 102 34 128 
7 175 17 26 57 17 116 90 60 26 80 94 32 78 5 79 75 48 92 4 95 41 125 44 156 47 191 16 163 147 139 82 192 198 144 169 64 11 3 14 15 29 54 151 148 170 125 65 179 62 74 59 127 58 92 73 134 167 132 110 122 94 136 94 36 97 147 27 196 31 172 38 14 76 118 64 84 188 96 155 145 122 134 98 128 146 124 163 77 120 186 166 128 104 158 69 130 102 34 128 
7 175 17 26 57 17 116 90 60 26 80 94 32 78 5 79 75 48 92 4 95 41 34 44 156 47 191 16 163 147 139 82 192 198 144 169 64 11 3 14 15 29 54 151 148 170 125 65 179 62 74 59 127 58 92 73 134 167 132 110 122 94 136 94 36 97 147 27 196 31 172 38 14 76 118 64 84 188 96 155 145 122 134 98 128 146 124 163 77 120 186 166 128 104 158 69 130 102 125 128 
7 110 17 26 57 17 116 90 60 26 80 94 32 78 5 79 75 48 92 4 95 41 34 44 156 47 191 16 163 147 139 82 192 198 144 169 64 11 3 14 15 29 54 151 148 170 125 65 179 62 74 59 127 58 92 73 134 167 132 175 122 94 136 94 36 97 147 27 196 31 172 38 14 76 118 64 84 188 96 155 145 122 134 98 128 146 124 163 77 120 186 166 128 104 158 69 130 102 125 128 
7 110 17 26 57 17 36 90 60 26 80 94 32 78 5 79 75 48 92 4 95 41 34 44 156 47 191 16 163 147 139 82 192 198 144 169 64 11 3 14 15 29 54 151 148 170 125 65 179 62 74 59 127 58 92 73 134 167 132 175 122 94 136 94 116 97 147 27 196 31 172 38 14 76 118 64 84 188 96 155 145 122 134 98 128 146 124 163 77 120 186 166 128 104 158 69 130 102 125 128 
7 110 17 26 57 17 36 90 60 26 80 31 32 78 5 79 75 48 92 4 95 41 34 44 156 47 191 16 163 147 139 82 192 198 144 169 64 11 3 14 15 29 54 151 148 170 125 65 179 62 74 59 127 58 92 73 134 167 132 175 122 94 136 94 116 97 147 27 196 94 172 38 14 76 118 64 84 188 96 155 145 122 134 98 128 146 124 163 77 120 186 166 128 104 158 69 130 102 125 128 
7 110 17 26 57 17 36 90 60 26 80 31 32 38 5 79 75 48 92 4 95 41 34 44 156 47 191 16 163 147 139 82 192 198 144 169 64 11 3 14 15 29 54 151 148 170 125 65 179 62 74 59 127 58 92 73 134 167 132 175 122 94 136 94 116 97 147 27 196 94 172 78 14 76 118 64 84 188 96 155 145 122 134 98 128 146 124 163 77 120 186 166 128 104 158 69 130 102 125 128 
7 110 17 26 57 17 36 90 60 26 80 31 32 38 5 76 75 48 92 4 95 41 34 44 156 47 191 16 163 147 139 82 192 198 144 169 64 11 3 14 15 29 54 151 148 170 125 65 179 62 74 59 127 58 92 73 134 167 132 175 122 94 136 94 116 97 147 27 196 94 172 78 14 79 118 64 84 188 96 155 145 122 134 98 128 146 124 163 77 120 186 166 128 104 158 69 130 102 125 128 
7 110 17 26 57 17 36 90 60 26 80 31 32 38 5 76 75 48 84 4 95 41 34 44 156 47 191 16 163 147 139 82 192 198 144 169 64 11 3 14 15 29 54 151 148 170 125 65 179 62 74 59 127 58 92 73 134 167 132 175 122 94 136 94 116 97 147 27 196 94 172 78 14 79 118 64 92 188 96 155 145 122 134 98 128 146 124 163 77 120 186 166 128 104 158 69 130 102 125 128 
7 110 17 26 57 17 36 90 60 26 80 31 32 38 5 76 75 48 84 4 95 41 34 44 134 47 191 16 163 147 139 82 192 198 144 169 64 11 3 14 15 29 54 151 148 170 125 65 179 62 74 59 127 58 92 73 134 167 132 175 122 94 136 94 116 97 147 27 196 94 172 78 14 79 118 64 92 188 96 155 145 122 156 98 128 146 124 163 77 120 186 166 128 104 158 69 130 102 125 128 
7 110 17 26 57 17 36 90 60 26 80 31 32 38 5 76 75 48 84 4 95 41 34 44 134 47 128 16 163 147 139 82 192 198 144 169 64 11 3 14 15 29 54 151 148 170 125 65 179 62 74 59 127 58 92 73 134 167 132 175 122 94 136 94 116 97 147 27 196 94 172 78 14 79 118 64 92 188 96 155 145 122 156 98 191 146 124 163 77 120 186 166 128 104 158 69 130 102 125 128 
7 110 17 26 57 17 36 90 60 26 80 31 32 38 5 76 75 48 84 4 95 41 34 44 134 47 128 16 124 147 139 82 192 198 144 169 64 11 3 14 15 29 54 151 148 170 125 65 179 62 74 59 127 58 92 73 134 167 132 175 122 94 136 94 116 97 147 27 196 94 172 78 14 79 118 64 92 188 96 155 145 122 156 98 191 146 163 163 77 120 186 166 128 104 158 69 130 102 125 128 
7 110 17 26 57 17 36 90 60 26 80 31 32 38 5 76 75 48 84 4 95 41 34 44 134 47 128 16 124 147 77 82 192 198 144 169 64 11 3 14 15 29 54 151 148 170 125 65 179 62 74 59 127 58 92 73 134 167 132 175 122 94 136 94 116 97 147 27 196 94 172 78 14 79 118 64 92 188 96 155 145 122 156 98 191 146 163 163 139 120 186 166 128 104 158 69 130 102 125 128 
7 110 17 26 57 17 36 90 60 26 80 31 32 38 5 76 75 48 84 4 95 41 34 44 134 47 128 16 124 147 77 82 186 198 144 169 64 11 3 14 15 29 54 151 148 170 125 65 179 62 74 59 127 58 92 73 134 167 132 175 122 94 136 94 116 97 147 27 196 94 172 78 14 79 118 64 92 188 96 155 145 122 156 98 191 146 163 163 139 120 192 166 128 104 158 69 130 102 125 128 
7 110 17 26 57 17 36 90 60 26 80 31 32 38 5 76 75 48 84 4 95 41 34 44 134 47 128 16 124 147 77 82 186 166 144 169 64 11 3 14 15 29 54 151 148 170 125 65 179 62 74 59 127 58 92 73 134 167 132 175 122 94 136 94 116 97 147 27 196 94 172 78 14 79 118 64 92 188 96 155 145 122 156 98 191 146 163 163 139 120 192 198 128 104 158 69 130 102 125 128 
7 110 17 26 57 17 36 90 60 26 80 31 32 38 5 76 75 48 84 4 95 41 34 44 134 47 128 16 124 147 77 82 186 166 128 169 64 11 3 14 15 29 54 151 148 170 125 65 179 62 74 59 127 58 92 73 134 167 132 175 122 94 136 94 116 97 147 27 196 94 172 78 14 79 118 64 92 188 96 155 145 122 156 98 191 146 163 163 139 120 192 198 144 104 158 69 130 102 125 128 
7 110 17 26 57 17 36 90 60 26 80 31 32 38 5 76 75 48 84 4 95 41 34 44 134 47 128 16 124 147 77 82 186 166 128 104 64 11 3 14 15 29 54 151 148 170 125 65 179 62 74 59 127 58 92 73 134 167 132 175 122 94 136 94 116 97 147 27 196 94 172 78 14 79 118 64 92 188 96 155 145 122 156 98 191 146 163 163 139 120 192 198 144 169 158 69 130 102 125 128 
7 110 17 26 57 17 36 59 60 26 80 31 32 38 5 76 75 48 84 4 95 41 34 44 134 47 128 16 124 147 77 82 186 166 128 104 64 11 3 14 15 29 54 151 148 170 125 65 179 62 74 90 127 58 92 73 134 167 132 175 122 94 136 94 116 97 147 27 196 94 172 78 14 79 118 64 92 188 96 155 145 122 156 98 191 146 163 163 139 120 192 198 144 169 158 69 130 102 125 128 
7 110 17 26 57 17 36 59 60 26 80 31 32 38 5 76 75 48 84 4 95 41 34 27 134 47 128 16 124 147 77 82 186 166 128 104 64 11 3 14 15 29 54 151 148 170 125 65 179 62 74 90 127 58 92 73 134 167 132 175 122 94 136 94 116 97 147 44 196 94 172 78 14 79 118 64 92 188 96 155 145 122 156 98 191 146 163 163 139 120 192 198 144 169 158 69 130 102 125 128 
7 110 17 26 57 17 36 59 60 26 80 31 32 38 5 76 75 48 84 4 95 41 34 27 134 47 128 16 14 147 77 82 186 166 128 104 64 11 3 14 15 29 54 151 148 170 125 65 179 62 74 90 127 58 92 73 134 167 132 175 122 94 136 94 116 97 147 44 196 94 172 78 124 79 118 64 92 188 96 155 145 122 156 98 191 146 163 163 139 120 192 198 144 169 158 69 130 102 125 128 
7 110 17 26 57 17 36 59 60 26 80 31 32 38 5 76 75 48 84 4 95 41 34 27 134 47 128 16 14 79 77 82 186 166 128 104 64 11 3 14 15 29 54 151 148 170 125 65 179 62 74 90 127 58 92 73 134 167 132 175 122 94 136 94 116 97 147 44 196 94 172 78 124 147 118 64 92 188 96 155 145 122 156 98 191 146 163 163 139 120 192 198 144 169 158 69 130 102 125 128 
7 110 17 26 57 17 36 59 60 26 80 31 32 38 5 76 75 48 84 4 95 41 34 27 134 47 128 16 14 79 77 64 186 166 128 104 64 11 3 14 15 29 54 151 148 170 125 65 179 62 74 90 127 58 92 73 134 167 132 175 122 94 136 94 116 97 147 44 196 94 172 78 124 147 118 82 92 188 96 155 145 122 156 98 191 146 163 163 139 120 192 198 144 169 158 69 130 102 125 128 
7 110 17 26 57 17 36 59 60 26 80 31 32 38 5 76 75 48 84 4 95 41 34 27 134 47 128 16 14 79 77 64 92 166 128 104 64 11 3 14 15 29 54 151 148 170 125 65 179 62 74 90 127 58 92 73 134 167 132 175 122 94 136 94 116 97 147 44 196 94 172 78 124 147 118 82 186 188 96 155 145 122 156 98 191 146 163 163 139 120 192 198 144 169 158 69 130 102 125 128 
7 110 17 26 57 17 36 59 60 26 80 31 32 38 5 76 75 48 84 4 95 41 34 27 134 47 128 16 14 79 77 64 92 166 96 104 64 11 3 14 15 29 54 151 148 170 125 65 179 62 74 90 127 58 92 73 134 167 132 175 122 94 136 94 116 97 147 44 196 94 172 78 124 147 118 82 186 188 128 155 145 122 156 98 191 146 163 163 139 120 192 198 144 169 158 69 130 102 125 128 
7 110 17 26 57 17 36 59 60 26 80 31 32 38 5 76 75 48 84 4 95 41 34 27 134 47 128 16 14 79 77 64 92 166 96 104 64 11 3 14 15 29 54 151 139 170 125 65 179 62 74 90 127 58 92 73 134 167 132 175 122 94 136 94 116 97 147 44 196 94 172 78 124 147 118 82 186 188 128 155 145 122 156 98 191 146 163 163 148 120 192 198 144 169 158 69 130 102 125 128 
7 110 17 26 57 17 36 59 60 26 80 31 32 38 5 76 75 48 84 4 95 41 34 27 134 47 128 16 14 79 77 64 92 166 96 104 64 11 3 14 15 29 54 151 139 120 125 65 179 62 74 90 127 58 92 73 134 167 132 175 122 94 136 94 116 97 147 44 196 94 172 78 124 147 118 82 186 188 128 155 145 122 156 98 191 146 163 163 148 170 192 198 144 169 158 69 130 102 125 128 
7 110 17 26 57 17 36 59 60 26 80 31 32 38 5 76 75 48 84 4 95 41 34 27 134 47 128 16 14 79 77 64 92 166 96 104 64 11 3 14 15 29 54 151 139 120 125 65 144 62 74 90 127 58 92 73 134 167 132 175 122 94 136 94 116 97 147 44 196 94 172 78 124 147 118 82 186 188 128 155 145 122 156 98 191 146 163 163 148 170 192 198 179 169 158 69 130 102 125 128 
7 110 17 26 57 17 36 59 60 26 80 31 32 38 5 76 75 48 84 4 95 41 34 27 134 47 128 16 14 79 77 64 92 166 96 104 64 11 3 14 15 29 54 151 139 120 125 65 144 62 74 69 127 58 92 73 134 167 132 175 122 94 136 94 116 97 147 44 196 94 172 78 124 147 118 82 186 188 128 155 145 122 156 98 191 146 163 163 148 170 192 198 179 169 158 90 130 102 125 128 
7 96 17 26 57 17 36 59 60 26 80 31 32 38 5 76 75 48 84 4 95 41 34 27 134 47 128 16 14 79 77 64 92 166 110 104 64 11 3 14 15 29 54 151 139 120 125 65 144 62 74 69 127 58 92 73 134 167 132 175 122 94 136 94 116 97 147 44 196 94 172 78 124 147 118 82 186 188 128 155 145 122 156 98 191 146 163 163 148 170 192 198 179 169 158 90 130 102 125 128 
7 96 17 26 11 17 36 59 60 26 80 31 32 38 5 76 75 48 84 4 95 41 34 27 134 47 128 16 14 79 77 64 92 166 110 104 64 57 3 14 15 29 54 151 139 120 125 65 144 62 74 69 127 58 92 73 134 167 132 175 122 94 136 94 116 97 147 44 196 94 172 78 124 147 118 82 186 188 128 155 145 122 156 98 191 146 163 163 148 170 192 198 179 169 158 90 130 102 125 128 
7 96 17 26 11 3 36 59 60 26 80 31 32 38 5 76 75 48 84 4 95 41 34 27 134 47 128 16 14 79 77 64 92 166 110 104 64 57 17 14 15 29 54 151 139 120 125 65 144 62 74 69 127 58 92 73 134 167 132 175 122 94 136 94 116 97 147 44 196 94 172 78 124 147 118 82 186 188 128 155 145 122 156 98 191 146 163 163 148 170 192 198 179 169 158 90 130 102 125 128 
7 96 17 26 11 3 14 59 60 26 80 31 32 38 5 76 75 48 84 4 95 41 34 27 134 47 128 16 14 79 77 64 92 166 110 104 64 57 17 36 15 29 54 151 139 120 125 65 144 62 74 69 127 58 92 73 134 167 132 175 122 94 136 94 116 97 147 44 196 94 172 78 124 147 118 82 186 188 128 155 145 122 156 98 191 146 163 163 148 170 192 198 179 169 158 90 130 102 125 128 
7 96 17 26 11 3 14 15 60 26 80 31 32 38 5 76 75 48 84 4 95 41 34 27 134 47 128 16 14 79 77 64 92 166 110 104 64 57 17 36 59 29 54 151 139 120 125 65 144 62 74 69 127 58 92 73 134 167 132 175 122 94 136 94 116 97 147 44 196 94 172 78 124 147 118 82 186 188 128 155 145 122 156 98 191 146 163 163 148 170 192 198 179 169 158 90 130 102 125 128 
7 96 17 26 11 3 14 15 29 26 80 31 32 38 5 76 75 48 84 4 95 41 34 27 134 47 128 16 14 79 77 64 92 166 110 104 64 57 17 36 59 60 54 151 139 120 125 65 144 62 74 69 127 58 92 73 134 167 132 175 122 94 136 94 116 97 147 44 196 94 172 78 124 147 118 82 186 188 128 155 145 122 156 98 191 146 163 163 148 170 192 198 179 169 158 90 130 102 125 128 
7 96 17 26 11 3 14 15 29 26 80 31 32 38 5 76 62 48 84 4 95 41 34 27 134 47 128 16 14 79 77 64 92 166 110 104 64 57 17 36 59 60 54 151 139 120 125 65 144 75 74 69 127 58 92 73 134 167 132 175 122 94 136 94 116 97 147 44 196 94 172 78 124 147 118 82 186 188 128 155 145 122 156 98 191 146 163 163 148 170 192 198 179 169 158 90 130 102 125 128 
7 96 17 26 11 3 14 15 29 26 80 31 32 38 5 76 62 48 69 4 95 41 34 27 134 47 128 16 14 79 77 64 92 166 110 104 64 57 17 36 59 60 54 151 139 120 125 65 144 75 74 84 127 58 92 73 134 167 132 175 122 94 136 94 116 97 147 44 196 94 172 78 124 147 118 82 186 188 128 155 145 122 156 98 191 146 163 163 148 170 192 198 179 169 158 90 130 102 125 128 
7 96 17 26 11 3 14 15 29 26 80 31 32 38 5 76 62 48 69 4 58 41 34 27 134 47 128 16 14 79 77 64 92 166 110 104 64 57 17 36 59 60 54 151 139 120 125 65 144 75 74 84 127 95 92 73 134 167 132 175 122 94 136 94 116 97 147 44 196 94 172 78 124 147 118 82 186 188 128 155 145 122 156 98 191 146 163 163 148 170 192 198 179 169 158 90 130 102 125 128 
7 96 17 26 11 3 14 15 29 26 80 31 32 38 5 76 62 48 69 4 58 41 34 27 134 47 128 16 14 79 77 64 92 147 110 104 64 57 17 36 59 60 54 151 139 120 125 65 144 75 74 84 127 95 92 73 134 167 132 175 122 94 136 94 116 97 166 44 196 94 172 78 124 147 118 82 186 188 128 155 145 122 156 98 191 146 163 163 148 170 192 198 179 169 158 90 130 102 125 128 
7 96 17 26 11 3 14 15 29 26 80 31 32 38 5 76 62 48 69 4 58 41 34 27 134 47 128 16 14 79 77 64 92 147 44 104 64 57 17 36 59 60 54 151 139 120 125 65 144 75 74 84 127 95 92 73 134 167 132 175 122 94 136 94 116 97 166 110 196 94 172 78 124 147 118 82 186 188 128 155 145 122 156 98 191 146 163 163 148 170 192 198 179 169 158 90 130 102 125 128 
7 96 17 26 11 3 14 15 29 26 80 31 32 38 5 76 62 48 69 4 58 41 34 27 134 47 128 16 14 79 77 64 92 147 44 104 64 57 17 36 59 60 54 151 139 120 125 65 122 75 74 84 127 95 92 73 134 167 132 175 122 94 136 94 116 97 166 110 196 94 172 78 124 147 118 82 186 188 128 155 145 144 156 98 191 146 163 163 148 170 192 198 179 169 158 90 130 102 125 128 
7 96 17 26 11 3 14 15 29 26 80 31 32 38 5 76 62 48 69 4 58 41 34 27 134 47 128 16 14 79 77 64 92 147 44 104 64 57 17 36 59 60 54 151 139 120 125 65 122 75 74 84 127 95 92 73 134 167 132 175 122 94 90 94 116 97 166 110 196 94 172 78 124 147 118 82 186 188 128 155 145 144 156 98 191 146 163 163 148 170 192 198 179 169 158 136 130 102 125 128 
7 96 17 26 11 3 14 15 29 26 80 31 32 38 5 76 62 48 69 4 58 41 34 27 134 47 128 16 14 79 77 64 92 147 44 104 64 57 17 36 59 60 54 151 139 120 125 65 122 75 74 84 127 95 92 73 134 167 132 175 122 94 90 94 102 97 166 110 196 94 172 78 124 147 118 82 186 188 128 155 145 144 156 98 191 146 163 163 148 170 192 198 179 169 158 136 130 116 125 128 
7 96 17 26 11 3 14 15 29 26 80 31 32 38 5 76 62 48 69 4 58 41 34 27 134 47 128 16 14 79 77 64 92 147 44 104 64 57 17 36 59 60 54 151 139 120 125 65 122 75 74 84 127 95 92 73 134 167 132 175 122 94 90 94 102 97 128 110 196 94 172 78 124 147 118 82 186 188 128 155 145 144 156 98 191 146 163 163 148 170 192 198 179 169 158 136 130 116 125 166 
7 96 16 26 11 3 14 15 29 26 80 31 32 38 5 76 62 48 69 4 58 41 34 27 134 47 128 17 14 79 77 64 92 147 44 104 64 57 17 36 59 60 54 151 139 120 125 65 122 75 74 84 127 95 92 73 134 167 132 175 122 94 90 94 102 97 128 110 196 94 172 78 124 147 118 82 186 188 128 155 145 144 156 98 191 146 163 163 148 170 192 198 179 169 158 136 130 116 125 166 
7 96 16 14 11 3 14 15 29 26 80 31 32 38 5 76 62 48 69 4 58 41 34 27 134 47 128 17 26 79 77 64 92 147 44 104 64 57 17 36 59 60 54 151 139 120 125 65 122 75 74 84 127 95 92 73 134 167 132 175 122 94 90 94 102 97 128 110 196 94 172 78 124 147 118 82 186 188 128 155 145 144 156 98 191 146 163 163 148 170 192 198 179 169 158 136 130 116 125 166 
7 96 16 14 11 3 14 15 29 26 80 31 32 17 5 76 62 48 69 4 58 41 34 27 134 47 128 17 26 79 77 64 92 147 44 104 64 57 38 36 59 60 54 151 139 120 125 65 122 75 74 84 127 95 92 73 134 167 132 175 122 94 90 94 102 97 128 110 196 94 172 78 124 147 118 82 186 188 128 155 145 144 156 98 191 146 163 163 148 170 192 198 179 169 158 136 130 116 125 166 
7 96 16 14 11 3 14 15 29 26 80 31 32 17 5 59 62 48 69 4 58 41 34 27 134 47 128 17 26 79 77 64 92 147 44 104 64 57 38 36 76 60 54 151 139 120 125 65 122 75 74 84 127 95 92 73 134 167 132 175 122 94 90 94 102 97 128 110 196 94 172 78 124 147 118 82 186 188 128 155 145 144 156 98 191 146 163 163 148 170 192 198 179 169 158 136 130 116 125 166 
7 96 16 14 11 3 14 15 29 26 80 31 32 17 5 59 60 48 69 4 58 41 34 27 134 47 128 17 26 79 77 64 92 147 44 104 64 57 38 36 76 62 54 151 139 120 125 65 122 75 74 84 127 95 92 73 134 167 132 175 122 94 90 94 102 97 128 110 196 94 172 78 124 147 118 82 186 188 128 155 145 144 156 98 191 146 163 163 148 170 192 198 179 169 158 136 130 116 125 166 
7 96 16 14 11 3 14 15 29 26 80 31 32 17 5 59 60 48 69 4 58 41 34 27 75 47 128 17 26 79 77 64 92 147 44 104 64 57 38 36 76 62 54 151 139 120 125 65 122 134 74 84 127 95 92 73 134 167 132 175 122 94 90 94 102 97 128 110 196 94 172 78 124 147 118 82 186 188 128 155 145 144 156 98 191 146 163 163 148 170 192 198 179 169 158 136 130 116 125 166 
7 96 16 14 11 3 14 15 29 26 80 31 32 17 5 59 60 48 69 4 58 41 34 27 75 47 84 17 26 79 77 64 92 147 44 104 64 57 38 36 76 62 54 151 139 120 125 65 122 134 74 128 127 95 92 73 134 167 132 175 122 94 90 94 102 97 128 110 196 94 172 78 124 147 118 82 186 188 128 155 145 144 156 98 191 146 163 163 148 170 192 198 179 169 158 136 130 116 125 166 
7 96 16 14 11 3 14 15 29 26 80 31 32 17 5 59 60 48 69 4 58 41 34 27 75 47 84 17 26 79 73 64 92 147 44 104 64 57 38 36 76 62 54 151 139 120 125 65 122 134 74 128 127 95 92 77 134 167 132 175 122 94 90 94 102 97 128 110 196 94 172 78 124 147 118 82 186 188 128 155 145 144 156 98 191 146 163 163 148 170 192 198 179 169 158 136 130 116 125 166 
7 96 16 14 11 3 14 15 29 26 80 31 32 17 5 59 60 48 69 4 58 41 34 27 75 47 84 17 26 79 73 64 92 132 44 104 64 57 38 36 76 62 54 151 139 120 125 65 122 134 74 128 127 95 92 77 134 167 147 175 122 94 90 94 102 97 128 110 196 94 172 78 124 147 118 82 186 188 128 155 145 144 156 98 191 146 163 163 148 170 192 198 179 169 158 136 130 116 125 166 
7 96 16 14 11 3 14 15 29 26 80 31 32 17 5 59 60 48 69 4 58 41 34 27 75 47 84 17 26 79 73 64 92 132 44 104 64 57 38 36 76 62 54 151 94 120 125 65 122 134 74 128 127 95 92 77 134 167 147 175 122 94 90 94 102 97 128 110 196 139 172 78 124 147 118 82 186 188 128 155 145 144 156 98 191 146 163 163 148 170 192 198 179 169 158 136 130 116 125 166 
7 96 16 14 11 3 14 15 29 26 80 31 32 17 5 59 60 48 69 4 58 41 34 27 75 47 84 17 26 79 73 64 92 132 44 104 64 57 38 36 76 62 54 151 94 120 78 65 122 134 74 128 127 95 92 77 134 167 147 175 122 94 90 94 102 97 128 110 196 139 172 125 124 147 118 82 186 188 128 155 145 144 156 98 191 146 163 163 148 170 192 198 179 169 158 136 130 116 125 166 
7 96 16 14 11 3 14 15 29 26 80 31 32 17 5 59 60 48 69 4 58 41 34 27 75 47 84 17 26 79 73 64 92 132 44 104 64 57 38 36 76 62 54 151 94 120 78 65 122 118 74 128 127 95 92 77 134 167 147 175 122 94 90 94 102 97 128 110 196 139 172 125 124 147 134 82 186 188 128 155 145 144 156 98 191 146 163 163 148 170 192 198 179 169 158 136 130 116 125 166 
7 96 16 14 11 3 14 15 29 26 80 31 32 17 5 59 60 48 69 4 58 41 34 27 75 47 84 17 26 79 73 64 92 132 44 104 64 57 38 36 76 62 54 151 94 120 78 65 122 118 74 128 127 95 92 77 134 156 147 175 122 94 90 94 102 97 128 110 196 139 172 125 124 147 134 82 186 188 128 155 145 144 167 98 191 146 163 163 148 170 192 198 179 169 158 136 130 116 125 166 
7 96 16 14 11 3 14 15 29 26 80 31 32 17 5 59 60 48 69 4 58 41 34 27 75 47 84 17 26 79 73 64 92 132 44 104 64 57 38 36 76 62 54 151 94 120 78 65 122 118 74 128 127 95 92 77 134 156 98 175 122 94 90 94 102 97 128 110 196 139 172 125 124 147 134 82 186 188 128 155 145 144 167 147 191 146 163 163 148 170 192 198 179 169 158 136 130 116 125 166 
7 96 16 14 11 3 14 15 29 26 80 31 32 17 5 59 60 48 69 4 58 41 34 27 75 47 84 17 26 79 73 64 92 132 44 104 64 57 38 36 76 62 54 151 94 120 78 65 122 118 74 128 127 95 92 77 134 156 98 175 122 94 90 94 102 97 128 110 169 139 172 125 124 147 134 82 186 188 128 155 145 144 167 147 191 146 163 163 148 170 192 198 179 196 158 136 130 116 125 166 
7 96 16 14 11 3 14 15 29 26 80 31 32 17 5 59 60 48 69 4 58 41 34 27 75 47 84 17 26 79 73 64 92 132 44 104 64 57 38 36 76 62 54 151 94 120 78 65 122 118 74 128 127 95 92 77 134 156 98 175 122 94 90 94 102 97 128 110 169 139 136 125 124 147 134 82 186 188 128 155 145 144 167 147 191 146 163 163 148 170 192 198 179 196 158 172 130 116 125 166 
7 96 16 14 11 3 14 15 29 26 80 31 32 17 5 59 60 48 69 4 58 41 34 27 75 47 84 17 26 79 73 64 92 132 44 104 64 57 38 36 76 62 54 151 94 120 78 65 122 118 74 128 127 95 92 77 134 156 98 175 122 94 90 94 102 97 128 110 169 139 136 125 116 147 134 82 186 188 128 155 145 144 167 147 191 146 163 163 148 170 192 198 179 196 158 172 130 124 125 166 
7 96 16 14 11 3 14 15 29 26 80 31 32 17 5 59 60 48 69 4 58 41 34 27 75 47 84 17 26 79 73 64 92 132 44 104 64 57 38 36 76 62 54 151 94 120 78 65 122 118 74 128 127 95 92 77 134 156 98 175 122 94 90 94 102 97 128 110 169 139 136 125 116 125 134 82 186 188 128 155 145 144 167 147 191 146 163 163 148 170 192 198 179 196 158 172 130 124 147 166 
4 96 16 14 11 3 14 15 29 26 80 31 32 17 5 59 60 48 69 7 58 41 34 27 75 47 84 17 26 79 73 64 92 132 44 104 64 57 38 36 76 62 54 151 94 120 78 65 122 118 74 128 127 95 92 77 134 156 98 175 122 94 90 94 102 97 128 110 169 139 136 125 116 125 134 82 186 188 128 155 145 144 167 147 191 146 163 163 148 170 192 198 179 196 158 172 130 124 147 166 
4 58 16 14 11 3 14 15 29 26 80 31 32 17 5 59 60 48 69 7 96 41 34 27 75 47 84 17 26 79 73 64 92 132 44 104 64 57 38 36 76 62 54 151 94 120 78 65 122 118 74 128 127 95 92 77 134 156 98 175 122 94 90 94 102 97 128 110 169 139 136 125 116 125 134 82 186 188 128 155 145 144 167 147 191 146 163 163 148 170 192 198 179 196 158 172 130 124 147 166 
4 58 16 14 11 3 14 15 17 26 80 31 32 17 5 59 60 48 69 7 96 41 34 27 75 47 84 29 26 79 73 64 92 132 44 104 64 57 38 36 76 62 54 151 94 120 78 65 122 118 74 128 127 95 92 77 134 156 98 175 122 94 90 94 102 97 128 110 169 139 136 125 116 125 134 82 186 188 128 155 145 144 167 147 191 146 163 163 148 170 192 198 179 196 158 172 130 124 147 166 
4 58 16 14 11 3 14 15 17 26 79 31 32 17 5 59 60 48 69 7 96 41 34 27 75 47 84 29 26 80 73 64 92 132 44 104 64 57 38 36 76 62 54 151 94 120 78 65 122 118 74 128 127 95 92 77 134 156 98 175 122 94 90 94 102 97 128 110 169 139 136 125 116 125 134 82 186 188 128 155 145 144 167 147 191 146 163 163 148 170 192 198 179 196 158 172 130 124 147 166 
4 58 16 14 11 3 14 15 17 26 79 31 32 17 5 44 60 48 69 7 96 41 34 27 75 47 84 29 26 80 73 64 92 132 59 104 64 57 38 36 76 62 54 151 94 120 78 65 122 118 74 128 127 95 92 77 134 156 98 175 122 94 90 94 102 97 128 110 169 139 136 125 116 125 134 82 186 188 128 155 145 144 167 147 191 146 163 163 148 170 192 198 179 196 158 172 130 124 147 166 
4 58 16 14 11 3 14 15 17 26 79 31 32 17 5 44 60 48 57 7 96 41 34 27 75 47 84 29 26 80 73 64 92 132 59 104 64 69 38 36 76 62 54 151 94 120 78 65 122 118 74 128 127 95 92 77 134 156 98 175 122 94 90 94 102 97 128 110 169 139 136 125 116 125 134 82 186 188 128 155 145 144 167 147 191 146 163 163 148 170 192 198 179 196 158 172 130 124 147 166 
4 58 16 14 11 3 14 15 17 26 79 31 32 17 5 44 60 48 57 7 36 41 34 27 75 47 84 29 26 80 73 64 92 132 59 104 64 69 38 96 76 62 54 151 94 120 78 65 122 118 74 128 127 95 92 77 134 156 98 175 122 94 90 94 102 97 128 110 169 139 136 125 116 125 134 82 186 188 128 155 145 144 167 147 191 146 163 163 148 170 192 198 179 196 158 172 130 124 147 166 
4 58 16 14 11 3 14 15 17 26 79 31 32 17 5 44 60 48 57 7 36 41 34 27 75 47 84 29 26 80 73 64 92 127 59 104 64 69 38 96 76 62 54 151 94 120 78 65 122 118 74 128 132 95 92 77 134 156 98 175 122 94 90 94 102 97 128 110 169 139 136 125 116 125 134 82 186 188 128 155 145 144 167 147 191 146 163 163 148 170 192 198 179 196 158 172 130 124 147 166 
4 58 16 14 11 3 14 15 17 26 79 31 32 17 5 44 60 48 57 7 36 41 34 27 75 47 84 29 26 80 73 64 92 127 59 92 64 69 38 96 76 62 54 151 94 120 78 65 122 118 74 128 132 95 104 77 134 156 98 175 122 94 90 94 102 97 128 110 169 139 136 125 116 125 134 82 186 188 128 155 145 144 167 147 191 146 163 163 148 170 192 198 179 196 158 172 130 124 147 166 
4 58 16 14 11 3 14 15 17 26 79 31 32 17 5 44 60 48 57 7 36 41 34 27 75 47 84 29 26 80 73 64 92 127 59 92 64 69 38 96 76 62 54 90 94 120 78 65 122 118 74 128 132 95 104 77 134 156 98 175 122 94 151 94 102 97 128 110 169 139 136 125 116 125 134 82 186 188 128 155 145 144 167 147 191 146 163 163 148 170 192 198 179 196 158 172 130 124 147 166 
4 58 16 14 11 3 14 15 17 26 79 31 32 17 5 44 60 48 57 7 36 41 34 27 75 47 84 29 26 80 73 64 92 127 59 92 64 69 38 96 76 62 54 90 94 102 78 65 122 118 74 128 132 95 104 77 134 156 98 175 122 94 151 94 120 97 128 110 169 139 136 125 116 125 134 82 186 188 128 155 145 144 167 147 191 146 163 163 148 170 192 198 179 196 158 172 130 124 147 166 
4 58 16 14 11 3 14 15 17 26 79 31 32 17 5 44 60 48 57 7 36 41 34 27 75 47 84 29 26 80 73 64 92 127 59 92 64 69 38 96 76 62 54 90 94 102 78 65 110 118 74 128 132 95 104 77 134 156 98 175 122 94 151 94 120 97 128 122 169 139 136 125 116 125 134 82 186 188 128 155 145 144 167 147 191 146 163 163 148 170 192 198 179 196 158 172 130 124 147 166 
4 58 16 14 11 3 14 15 17 26 79 31 32 17 5 44 60 48 57 7 36 41 34 27 75 47 84 29 26 80 73 64 92 127 59 92 64 69 38 96 76 62 54 90 94 102 78 65 110 118 74 128 125 95 104 77 134 156 98 175 122 94 151 94 120 97 128 122 169 139 136 132 116 125 134 82 186 188 128 155 145 144 167 147 191 146 163 163 148 170 192 198 179 196 158 172 130 124 147 166 
4 58 16 14 11 3 14 15 17 26 79 31 32 17 5 44 60 48 57 7 36 41 34 27 75 47 84 29 26 80 73 64 92 127 59 92 64 69 38 96 76 62 54 90 94 102 78 65 110 118 74 128 125 95 104 77 82 156 98 175 122 94 151 94 120 97 128 122 169 139 136 132 116 125 134 134 186 188 128 155 145 144 167 147 191 146 163 163 148 170 192 198 179 196 158 172 130 124 147 166 
4 58 16 14 11 3 14 15 17 26 79 31 32 17 5 44 60 48 57 7 36 41 34 27 75 47 84 29 26 80 73 64 92 127 59 92 64 69 38 96 76 62 54 90 94 102 78 65 110 118 74 128 125 95 104 77 82 156 98 128 122 94 151 94 120 97 128 122 169 139 136 132 116 125 134 134 186 188 175 155 145 144 167 147 191 146 163 163 148 170 192 198 179 196 158 172 130 124 147 166 
4 58 16 14 11 3 14 15 17 26 79 31 32 17 5 44 60 48 57 7 36 41 34 27 75 47 84 29 26 80 73 64 92 127 59 92 64 69 38 96 76 62 54 90 94 102 78 65 110 118 74 128 125 95 104 77 82 156 98 128 122 94 144 94 120 97 128 122 169 139 136 132 116 125 134 134 186 188 175 155 145 151 167 147 191 146 163 163 148 170 192 198 179 196 158 172 130 124 147 166 
4 58 16 14 11 3 14 15 17 26 79 31 32 17 5 44 60 48 57 7 36 41 34 27 75 47 84 29 26 80 73 64 92 127 59 92 64 69 38 96 76 62 54 90 94 102 78 65 110 118 74 128 125 95 104 77 82 156 98 128 122 94 144 94 120 97 128 122 163 139 136 132 116 125 134 134 186 188 175 155 145 151 167 147 191 146 163 169 148 170 192 198 179 196 158 172 130 124 147 166 
4 58 16 14 11 3 14 15 17 26 79 31 32 17 5 44 60 48 57 7 36 41 34 27 75 47 84 29 26 80 73 64 92 127 59 92 64 69 38 96 76 62 54 90 94 102 78 65 110 118 74 128 125 95 104 77 82 156 98 128 122 94 144 94 120 97 128 122 163 139 136 132 116 125 134 134 172 188 175 155 145 151 167 147 191 146 163 169 148 170 192 198 179 196 158 186 130 124 147 166 
4 58 16 14 11 3 14 15 17 26 79 31 32 17 5 44 60 48 57 7 36 41 34 27 75 47 84 29 26 80 73 64 92 127 59 92 64 69 38 96 76 62 54 90 94 102 78 65 110 118 74 128 125 95 104 77 82 156 98 128 122 94 144 94 120 97 128 122 163 139 136 132 116 125 134 134 172 130 175 155 145 151 167 147 191 146 163 169 148 170 192 198 179 196 158 186 188 124 147 166 
4 58 16 14 11 3 14 15 17 26 79 31 32 17 5 44 60 48 57 7 36 41 34 27 75 47 84 29 26 80 73 64 92 127 59 92 64 69 38 96 76 62 54 90 94 102 78 65 110 118 74 128 125 95 104 77 82 156 98 128 122 94 144 94 120 97 128 122 163 139 136 132 116 125 134 134 172 130 124 155 145 151 167 147 191 146 163 169 148 170 192 198 179 196 158 186 188 175 147 166 
4 58 16 14 11 3 14 15 17 26 79 31 32 17 5 44 60 48 57 7 36 41 34 27 75 47 84 29 26 80 73 64 92 127 59 92 64 69 38 96 76 62 54 90 94 102 78 65 110 118 74 128 125 95 104 77 82 156 98 128 122 94 144 94 120 97 128 122 163 139 136 132 116 125 134 134 172 130 124 147 145 151 167 147 191 146 163 169 148 170 192 198 179 196 158 186 188 175 155 166 
4 44 16 14 11 3 14 15 17 26 79 31 32 17 5 58 60 48 57 7 36 41 34 27 75 47 84 29 26 80 73 64 92 127 59 92 64 69 38 96 76 62 54 90 94 102 78 65 110 118 74 128 125 95 104 77 82 156 98 128 122 94 144 94 120 97 128 122 163 139 136 132 116 125 134 134 172 130 124 147 145 151 167 147 191 146 163 169 148 170 192 198 179 196 158 186 188 175 155 166 
4 44 16 14 11 3 14 15 17 26 75 31 32 17 5 58 60 48 57 7 36 41 34 27 79 47 84 29 26 80 73 64 92 127 59 92 64 69 38 96 76 62 54 90 94 102 78 65 110 118 74 128 125 95 104 77 82 156 98 128 122 94 144 94 120 97 128 122 163 139 136 132 116 125 134 134 172 130 124 147 145 151 167 147 191 146 163 169 148 170 192 198 179 196 158 186 188 175 155 166 
4 44 16 14 11 3 14 15 17 26 75 31 32 17 5 58 60 48 57 7 36 41 34 27 38 47 84 29 26 80 73 64 92 127 59 92 64 69 79 96 76 62 54 90 94 102 78 65 110 118 74 128 125 95 104 77 82 156 98 128 122 94 144 94 120 97 128 122 163 139 136 132 116 125 134 134 172 130 124 147 145 151 167 147 191 146 163 169 148 170 192 198 179 196 158 186 188 175 155 166 
4 44 16 14 11 3 14 15 17 26 75 31 32 17 5 58 60 48 57 7 36 41 34 27 38 47 76 29 26 80 73 64 92 127 59 92 64 69 79 96 84 62 54 90 94 102 78 65 110 118 74 128 125 95 104 77 82 156 98 128 122 94 144 94 120 97 128 122 163 139 136 132 116 125 134 134 172 130 124 147 145 151 167 147 191 146 163 169 148 170 192 198 179 196 158 186 188 175 155 166 
4 44 16 14 11 3 14 15 17 26 75 31 32 17 5 58 60 48 57 7 36 41 34 27 38 47 76 29 26 80 73 64 78 127 59 92 64 69 79 96 84 62 54 90 94 102 92 65 110 118 74 128 125 95 104 77 82 156 98 128 122 94 144 94 120 97 128 122 163 139 136 132 116 125 134 134 172 130 124 147 145 151 167 147 191 146 163 169 148 170 192 198 179 196 158 186 188 175 155 166 
4 44 16 14 11 3 14 15 17 26 75 31 32 17 5 58 60 48 57 7 36 41 34 27 38 47 76 29 26 80 73 64 78 65 59 92 64 69 79 96 84 62 54 90 94 102 92 127 110 118 74 128 125 95 104 77 82 156 98 128 122 94 144 94 120 97 128 122 163 139 136 132 116 125 134 134 172 130 124 147 145 151 167 147 191 146 163 169 148 170 192 198 179 196 158 186 188 175 155 166 
4 44 16 14 11 3 14 15 17 26 75 31 32 17 5 58 60 48 57 7 36 41 34 27 38 47 76 29 26 80 73 64 78 65 59 92 64 69 79 95 84 62 54 90 94 102 92 127 110 118 74 128 125 96 104 77 82 156 98 128 122 94 144 94 120 97 128 122 163 139 136 132 116 125 134 134 172 130 124 147 145 151 167 147 191 146 163 169 148 170 192 198 179 196 158 186 188 175 155 166 
4 44 16 14 11 3 14 15 17 26 75 31 32 17 5 58 60 48 57 7 36 41 34 27 38 47 76 29 26 80 73 64 78 65 59 92 64 69 79 95 84 62 54 90 94 102 92 94 110 118 74 128 125 96 104 77 82 156 98 128 122 127 144 94 120 97 128 122 163 139 136 132 116 125 134 134 172 130 124 147 145 151 167 147 191 146 163 169 148 170 192 198 179 196 158 186 188 175 155 166 
4 44 16 14 11 3 14 15 17 26 75 31 32 17 5 58 60 48 57 7 36 41 34 27 38 47 76 29 26 80 73 64 78 65 59 92 64 69 79 95 84 62 54 90 94 102 92 94 110 94 74 128 125 96 104 77 82 156 98 128 122 127 144 118 120 97 128 122 163 139 136 132 116 125 134 134 172 130 124 147 145 151 167 147 191 146 163 169 148 170 192 198 179 196 158 186 188 175 155 166 
4 44 16 14 11 3 14 15 17 26 75 31 32 17 5 58 60 48 57 7 36 41 34 27 38 47 76 29 26 80 73 64 78 65 59 92 64 69 79 95 84 62 54 90 94 102 92 94 110 94 74 97 125 96 104 77 82 156 98 128 122 127 144 118 120 128 128 122 163 139 136 132 116 125 134 134 172 130 124 147 145 151 167 147 191 146 163 169 148 170 192 198 179 196 158 186 188 175 155 166 
4 44 16 14 11 3 14 15 17 26 75 31 32 17 5 58 60 48 57 7 36 41 34 27 38 47 76 29 26 80 73 64 78 65 59 92 64 69 79 95 84 62 54 90 94 102 92 94 110 94 74 97 125 96 104 77 82 132 98 128 122 127 144 118 120 128 128 122 163 139 136 156 116 125 134 134 172 130 124 147 145 151 167 147 191 146 163 169 148 170 192 198 179 196 158 186 188 175 155 166 
4 44 16 14 11 3 14 15 17 26 75 31 32 17 5 58 60 48 57 7 36 41 34 27 38 47 76 29 26 80 73 64 78 65 59 92 64 69 79 95 84 62 54 90 94 102 92 94 110 94 74 97 125 96 104 77 82 132 98 125 122 127 144 118 120 128 128 122 163 139 136 156 116 128 134 134 172 130 124 147 145 151 167 147 191 146 163 169 148 170 192 198 179 196 158 186 188 175 155 166 
4 44 16 14 11 3 14 15 17 26 75 31 32 17 5 58 60 48 57 7 36 41 34 27 38 47 76 29 26 80 73 64 78 65 59 92 64 69 79 95 84 62 54 90 94 102 92 94 110 94 74 97 125 96 104 77 82 132 98 125 122 127 144 118 120 128 128 122 163 139 136 146 116 128 134 134 172 130 124 147 145 151 167 147 191 156 163 169 148 170 192 198 179 196 158 186 188 175 155 166 
4 44 16 14 11 3 14 15 17 26 75 31 32 17 5 58 60 48 57 7 36 41 34 27 38 47 76 29 26 80 73 64 78 65 59 92 64 69 79 95 84 62 54 90 94 102 92 94 110 94 74 97 125 96 104 77 82 132 98 125 122 127 144 118 120 128 128 122 163 139 136 146 116 128 134 134 172 130 124 147 145 151 167 147 155 156 163 169 148 170 192 198 179 196 158 186 188 175 191 166 
4 31 16 14 11 3 14 15 17 26 75 44 32 17 5 58 60 48 57 7 36 41 34 27 38 47 76 29 26 80 73 64 78 65 59 92 64 69 79 95 84 62 54 90 94 102 92 94 110 94 74 97 125 96 104 77 82 132 98 125 122 127 144 118 120 128 128 122 163 139 136 146 116 128 134 134 172 130 124 147 145 151 167 147 155 156 163 169 148 170 192 198 179 196 158 186 188 175 191 166 
4 31 16 14 5 3 14 15 17 26 75 44 32 17 11 58 60 48 57 7 36 41 34 27 38 47 76 29 26 80 73 64 78 65 59 92 64 69 79 95 84 62 54 90 94 102 92 94 110 94 74 97 125 96 104 77 82 132 98 125 122 127 144 118 120 128 128 122 163 139 136 146 116 128 134 134 172 130 124 147 145 151 167 147 155 156 163 169 148 170 192 198 179 196 158 186 188 175 191 166 
4 31 16 14 5 3 14 15 17 7 75 44 32 17 11 58 60 48 57 26 36 41 34 27 38 47 76 29 26 80 73 64 78 65 59 92 64 69 79 95 84 62 54 90 94 102 92 94 110 94 74 97 125 96 104 77 82 132 98 125 122 127 144 118 120 128 128 122 163 139 136 146 116 128 134 134 172 130 124 147 145 151 167 147 155 156 163 169 148 170 192 198 179 196 158 186 188 175 191 166 
4 31 16 14 5 3 14 15 17 7 36 44 32 17 11 58 60 48 57 26 75 41 34 27 38 47 76 29 26 80 73 64 78 65 59 92 64 69 79 95 84 62 54 90 94 102 92 94 110 94 74 97 125 96 104 77 82 132 98 125 122 127 144 118 120 128 128 122 163 139 136 146 116 128 134 134 172 130 124 147 145 151 167 147 155 156 163 169 148 170 192 198 179 196 158 186 188 175 191 166 
4 31 16 14 5 3 14 15 17 7 36 41 32 17 11 58 60 48 57 26 75 44 34 27 38 47 76 29 26 80 73 64 78 65 59 92 64 69 79 95 84 62 54 90 94 102 92 94 110 94 74 97 125 96 104 77 82 132 98 125 122 127 144 118 120 128 128 122 163 139 136 146 116 128 134 134 172 130 124 147 145 151 167 147 155 156 163 169 148 170 192 198 179 196 158 186 188 175 191 166 
4 31 16 14 5 3 14 15 17 7 36 41 32 17 11 47 60 48 57 26 75 44 34 27 38 58 76 29 26 80 73 64 78 65 59 92 64 69 79 95 84 62 54 90 94 102 92 94 110 94 74 97 125 96 104 77 82 132 98 125 122 127 144 118 120 128 128 122 163 139 136 146 116 128 134 134 172 130 124 147 145 151 167 147 155 156 163 169 148 170 192 198 179 196 158 186 188 175 191 166 
4 31 16 14 5 3 14 15 17 7 36 41 32 17 11 47 60 29 57 26 75 44 34 27 38 58 76 48 26 80 73 64 78 65 59 92 64 69 79 95 84 62 54 90 94 102 92 94 110 94 74 97 125 96 104 77 82 132 98 125 122 127 144 118 120 128 128 122 163 139 136 146 116 128 134 134 172 130 124 147 145 151 167 147 155 156 163 169 148 170 192 198 179 196 158 186 188 175 191 166 
4 31 16 14 5 3 14 15 17 7 36 41 32 17 11 47 60 29 26 26 75 44 34 27 38 58 76 48 57 80 73 64 78 65 59 92 64 69 79 95 84 62 54 90 94 102 92 94 110 94 74 97 125 96 104 77 82 132 98 125 122 127 144 118 120 128 128 122 163 139 136 146 116 128 134 134 172 130 124 147 145 151 167 147 155 156 163 169 148 170 192 198 179 196 158 186 188 175 191 166 
4 31 16 14 5 3 14 15 17 7 36 41 32 17 11 47 60 29 26 26 73 44 34 27 38 58 76 48 57 80 75 64 78 65 59 92 64 69 79 95 84 62 54 90 94 102 92 94 110 94 74 97 125 96 104 77 82 132 98 125 122 127 144 118 120 128 128 122 163 139 136 146 116 128 134 134 172 130 124 147 145 151 167 147 155 156 163 169 148 170 192 198 179 196 158 186 188 175 191 166 
4 31 16 14 5 3 14 15 17 7 36 41 32 17 11 47 60 29 26 26 73 44 34 27 38 58 64 48 57 80 75 64 78 65 59 92 76 69 79 95 84 62 54 90 94 102 92 94 110 94 74 97 125 96 104 77 82 132 98 125 122 127 144 118 120 128 128 122 163 139 136 146 116 128 134 134 172 130 124 147 145 151 167 147 155 156 163 169 148 170 192 198 179 196 158 186 188 175 191 166 
4 31 16 14 5 3 14 15 17 7 36 41 32 17 11 47 60 29 26 26 73 44 34 27 38 58 64 48 57 80 75 62 78 65 59 92 76 69 79 95 84 64 54 90 94 102 92 94 110 94 74 97 125 96 104 77 82 132 98 125 122 127 144 118 120 128 128 122 163 139 136 146 116 128 134 134 172 130 124 147 145 151 167 147 155 156 163 169 148 170 192 198 179 196 158 186 188 175 191 166 
4 31 16 14 5 3 14 15 17 7 36 41 32 17 11 47 60 29 26 26 73 44 34 27 38 58 64 48 57 80 75 62 54 65 59 92 76 69 79 95 84 64 78 90 94 102 92 94 110 94 74 97 125 96 104 77 82 132 98 125 122 127 144 118 120 128 128 122 163 139 136 146 116 128 134 134 172 130 124 147 145 151 167 147 155 156 163 169 148 170 192 198 179 196 158 186 188 175 191 166 
4 31 16 14 5 3 14 15 17 7 36 41 32 17 11 47 60 29 26 26 73 44 34 27 38 58 64 48 57 80 75 62 54 65 59 92 76 69 79 94 84 64 78 90 94 102 92 94 110 95 74 97 125 96 104 77 82 132 98 125 122 127 144 118 120 128 128 122 163 139 136 146 116 128 134 134 172 130 124 147 145 151 167 147 155 156 163 169 148 170 192 198 179 196 158 186 188 175 191 166 
4 31 16 14 5 3 14 15 17 7 36 41 32 17 11 47 60 29 26 26 73 44 34 27 38 58 64 48 57 80 75 62 54 65 59 92 76 69 79 94 74 64 78 90 94 102 92 94 110 95 84 97 125 96 104 77 82 132 98 125 122 127 144 118 120 128 128 122 163 139 136 146 116 128 134 134 172 130 124 147 145 151 167 147 155 156 163 169 148 170 192 198 179 196 158 186 188 175 191 166 
4 31 16 14 5 3 14 15 17 7 36 41 32 17 11 47 60 29 26 26 73 44 34 27 38 58 64 48 57 80 75 62 54 65 59 92 76 69 79 94 74 64 78 90 94 77 92 94 110 95 84 97 125 96 104 102 82 132 98 125 122 127 144 118 120 128 128 122 163 139 136 146 116 128 134 134 172 130 124 147 145 151 167 147 155 156 163 169 148 170 192 198 179 196 158 186 188 175 191 166 
4 31 16 14 5 3 14 15 17 7 36 41 32 17 11 47 60 29 26 26 73 44 34 27 38 58 64 48 57 80 75 62 54 65 59 92 76 69 79 94 74 64 78 90 94 77 82 94 110 95 84 97 125 96 104 102 92 132 98 125 122 127 144 118 120 128 128 122 163 139 136 146 116 128 134 134 172 130 124 147 145 151 167 147 155 156 163 169 148 170 192 198 179 196 158 186 188 175 191 166 
4 31 16 14 5 3 14 15 17 7 36 41 32 17 11 47 60 29 26 26 73 44 34 27 38 58 64 48 57 80 75 62 54 65 59 92 76 69 79 94 74 64 78 90 94 77 82 94 98 95 84 97 125 96 104 102 92 132 110 125 122 127 144 118 120 128 128 122 163 139 136 146 116 128 134 134 172 130 124 147 145 151 167 147 155 156 163 169 148 170 192 198 179 196 158 186 188 175 191 166 
4 31 16 14 5 3 14 15 17 7 36 41 32 17 11 47 60 29 26 26 73 44 34 27 38 58 64 48 57 80 75 62 54 65 59 92 76 69 79 94 74 64 78 90 94 77 82 94 98 95 84 97 125 96 104 102 92 122 110 125 122 127 144 118 120 128 128 132 163 139 136 146 116 128 134 134 172 130 124 147 145 151 167 147 155 156 163 169 148 170 192 198 179 196 158 186 188 175 191 166 
4 31 16 14 5 3 14 15 17 7 36 41 32 17 11 47 60 29 26 26 73 44 34 27 38 58 64 48 57 80 75 62 54 65 59 92 76 69 79 94 74 64 78 90 94 77 82 94 98 95 84 97 125 96 104 102 92 122 110 125 122 127 116 118 120 128 128 132 163 139 136 146 144 128 134 134 172 130 124 147 145 151 167 147 155 156 163 169 148 170 192 198 179 196 158 186 188 175 191 166 
4 31 16 14 5 3 14 15 17 7 36 41 32 17 11 47 60 29 26 26 73 44 34 27 38 58 64 48 57 80 75 62 54 65 59 92 76 69 79 94 74 64 78 90 94 77 82 94 98 95 84 97 125 96 104 102 92 122 110 125 122 127 116 118 120 128 128 130 163 139 136 146 144 128 134 134 172 132 124 147 145 151 167 147 155 156 163 169 148 170 192 198 179 196 158 186 188 175 191 166 
4 31 16 14 5 3 14 15 17 7 36 41 32 17 11 47 60 29 26 26 73 44 34 27 38 58 64 48 57 80 75 62 54 65 59 92 76 69 79 94 74 64 78 90 94 77 82 94 98 95 84 97 125 96 104 102 92 122 110 125 122 127 116 118 120 128 128 130 124 139 136 146 144 128 134 134 172 132 163 147 145 151 167 147 155 156 163 169 148 170 192 198 179 196 158 186 188 175 191 166 
4 31 16 14 5 3 14 15 17 7 36 41 32 17 11 47 60 29 26 26 73 44 34 27 38 58 64 48 57 80 75 62 54 65 59 92 76 69 79 94 74 64 78 90 94 77 82 94 98 95 84 97 125 96 104 102 92 122 110 125 122 127 116 118 120 128 128 130 124 139 136 146 144 128 134 134 163 132 163 147 145 151 167 147 155 156 172 169 148 170 192 198 179 196 158 186 188 175 191 166 
4 31 16 14 5 3 14 15 17 7 36 41 32 17 11 47 60 29 26 26 73 44 34 27 38 58 64 48 57 80 75 62 54 65 59 92 76 69 79 94 74 64 78 90 94 77 82 94 98 95 84 97 125 96 104 102 92 122 110 125 122 127 116 118 120 128 128 130 124 139 136 146 144 128 134 134 163 132 148 147 145 151 167 147 155 156 172 169 163 170 192 198 179 196 158 186 188 175 191 166 
4 31 16 14 5 3 14 15 17 7 36 41 32 17 11 47 60 29 26 26 73 44 34 27 38 58 64 48 57 80 75 62 54 65 59 92 76 69 79 94 74 64 78 90 94 77 82 94 98 95 84 97 125 96 104 102 92 122 110 125 122 127 116 118 120 128 128 130 124 139 136 146 144 128 134 134 163 132 148 147 145 151 167 147 155 156 172 169 163 166 192 198 179 196 158 186 188 175 191 170 
4 17 16 14 5 3 14 15 31 7 36 41 32 17 11 47 60 29 26 26 73 44 34 27 38 58 64 48 57 80 75 62 54 65 59 92 76 69 79 94 74 64 78 90 94 77 82 94 98 95 84 97 125 96 104 102 92 122 110 125 122 127 116 118 120 128 128 130 124 139 136 146 144 128 134 134 163 132 148 147 145 151 167 147 155 156 172 169 163 166 192 198 179 196 158 186 188 175 191 170 
4 17 7 14 5 3 14 15 31 16 36 41 32 17 11 47 60 29 26 26 73 44 34 27 38 58 64 48 57 80 75 62 54 65 59 92 76 69 79 94 74 64 78 90 94 77 82 94 98 95 84 97 125 96 104 102 92 122 110 125 122 127 116 118 120 128 128 130 124 139 136 146 144 128 134 134 163 132 148 147 145 151 167 147 155 156 172 169 163 166 192 198 179 196 158 186 188 175 191 170 
4 17 7 14 5 3 14 11 31 16 36 41 32 17 15 47 60 29 26 26 73 44 34 27 38 58 64 48 57 80 75 62 54 65 59 92 76 69 79 94 74 64 78 90 94 77 82 94 98 95 84 97 125 96 104 102 92 122 110 125 122 127 116 118 120 128 128 130 124 139 136 146 144 128 134 134 163 132 148 147 145 151 167 147 155 156 172 169 163 166 192 198 179 196 158 186 188 175 191 170 
4 17 7 14 5 3 14 11 31 16 29 41 32 17 15 47 60 36 26 26 73 44 34 27 38 58 64 48 57 80 75 62 54 65 59 92 76 69 79 94 74 64 78 90 94 77 82 94 98 95 84 97 125 96 104 102 92 122 110 125 122 127 116 118 120 128 128 130 124 139 136 146 144 128 134 134 163 132 148 147 145 151 167 147 155 156 172 169 163 166 192 198 179 196 158 186 188 175 191 170 
4 17 7 14 5 3 14 11 31 16 29 26 32 17 15 47 60 36 41 26 73 44 34 27 38 58 64 48 57 80 75 62 54 65 59 92 76 69 79 94 74 64 78 90 94 77 82 94 98 95 84 97 125 96 104 102 92 122 110 125 122 127 116 118 120 128 128 130 124 139 136 146 144 128 134 134 163 132 148 147 145 151 167 147 155 156 172 169 163 166 192 198 179 196 158 186 188 175 191 170 
4 17 7 14 5 3 14 11 31 16 29 26 26 17 15 47 60 36 41 32 73 44 34 27 38 58 64 48 57 80 75 62 54 65 59 92 76 69 79 94 74 64 78 90 94 77 82 94 98 95 84 97 125 96 104 102 92 122 110 125 122 127 116 118 120 128 128 130 124 139 136 146 144 128 134 134 163 132 148 147 145 151 167 147 155 156 172 169 163 166 192 198 179 196 158 186 188 175 191 170 
4 17 7 14 5 3 14 11 31 16 29 26 26 17 15 34 60 36 41 32 73 44 47 27 38 58 64 48 57 80 75 62 54 65 59 92 76 69 79 94 74 64 78 90 94 77 82 94 98 95 84 97 125 96 104 102 92 122 110 125 122 127 116 118 120 128 128 130 124 139 136 146 144 128 134 134 163 132 148 147 145 151 167 147 155 156 172 169 163 166 192 198 179 196 158 186 188 175 191 170 
4 17 7 14 5 3 14 11 31 16 29 26 26 17 15 34 27 36 41 32 73 44 47 60 38 58 64 48 57 80 75 62 54 65 59 92 76 69 79 94 74 64 78 90 94 77 82 94 98 95 84 97 125 96 104 102 92 122 110 125 122 127 116 118 120 128 128 130 124 139 136 146 144 128 134 134 163 132 148 147 145 151 167 147 155 156 172 169 163 166 192 198 179 196 158 186 188 175 191 170 
4 17 7 14 5 3 14 11 31 16 29 26 26 17 15 34 27 36 41 32 48 44 47 60 38 58 64 73 57 80 75 62 54 65 59 92 76 69 79 94 74 64 78 90 94 77 82 94 98 95 84 97 125 96 104 102 92 122 110 125 122 127 116 118 120 128 128 130 124 139 136 146 144 128 134 134 163 132 148 147 145 151 167 147 155 156 172 169 163 166 192 198 179 196 158 186 188 175 191 170 
4 17 7 14 5 3 14 11 31 16 29 26 26 17 15 34 27 36 41 32 48 44 47 60 38 54 64 73 57 80 75 62 58 65 59 92 76 69 79 94 74 64 78 90 94 77 82 94 98 95 84 97 125 96 104 102 92 122 110 125 122 127 116 118 120 128 128 130 124 139 136 146 144 128 134 134 163 132 148 147 145 151 167 147 155 156 172 169 163 166 192 198 179 196 158 186 188 175 191 170 
4 17 7 14 5 3 14 11 31 16 29 26 26 17 15 34 27 36 41 32 48 44 47 60 38 54 64 59 57 80 75 62 58 65 73 92 76 69 79 94 74 64 78 90 94 77 82 94 98 95 84 97 125 96 104 102 92 122 110 125 122 127 116 118 120 128 128 130 124 139 136 146 144 128 134 134 163 132 148 147 145 151 167 147 155 156 172 169 163 166 192 198 179 196 158 186 188 175 191 170 
4 17 7 14 5 3 14 11 31 16 29 26 26 17 15 34 27 36 41 32 48 44 47 60 38 54 64 59 57 76 75 62 58 65 73 92 80 69 79 94 74 64 78 90 94 77 82 94 98 95 84 97 125 96 104 102 92 122 110 125 122 127 116 118 120 128 128 130 124 139 136 146 144 128 134 134 163 132 148 147 145 151 167 147 155 156 172 169 163 166 192 198 179 196 158 186 188 175 191 170 
4 17 7 14 5 3 14 11 31 16 29 26 26 17 15 34 27 36 41 32 48 44 47 60 38 54 64 59 57 76 69 62 58 65 73 92 80 75 79 94 74 64 78 90 94 77 82 94 98 95 84 97 125 96 104 102 92 122 110 125 122 127 116 118 120 128 128 130 124 139 136 146 144 128 134 134 163 132 148 147 145 151 167 147 155 156 172 169 163 166 192 198 179 196 158 186 188 175 191 170 
4 17 7 14 5 3 14 11 31 16 29 26 26 17 15 34 27 36 41 32 48 44 47 60 38 54 64 59 57 76 69 62 58 65 64 92 80 75 79 94 74 73 78 90 94 77 82 94 98 95 84 97 125 96 104 102 92 122 110 125 122 127 116 118 120 128 128 130 124 139 136 146 144 128 134 134 163 132 148 147 145 151 167 147 155 156 172 169 163 166 192 198 179 196 158 186 188 175 191 170 
4 17 7 14 5 3 14 11 31 16 29 26 26 17 15 34 27 36 41 32 48 44 47 60 38 54 64 59 57 76 69 62 58 65 64 78 80 75 79 94 74 73 92 90 94 77 82 94 98 95 84 97 125 96 104 102 92 122 110 125 122 127 116 118 120 128 128 130 124 139 136 146 144 128 134 134 163 132 148 147 145 151 167 147 155 156 172 169 163 166 192 198 179 196 158 186 188 175 191 170 
4 17 7 14 5 3 14 11 31 16 29 26 26 17 15 34 27 36 41 32 48 44 47 60 38 54 64 59 57 76 69 62 58 65 64 78 80 75 77 94 74 73 92 90 94 79 82 94 98 95 84 97 125 96 104 102 92 122 110 125 122 127 116 118 120 128 128 130 124 139 136 146 144 128 134 134 163 132 148 147 145 151 167 147 155 156 172 169 163 166 192 198 179 196 158 186 188 175 191 170 
4 17 7 14 5 3 14 11 31 16 29 26 26 17 15 34 27 36 41 32 48 44 47 60 38 54 64 59 57 76 69 62 58 65 64 78 80 75 77 82 74 73 92 90 94 79 94 94 98 95 84 97 125 96 104 102 92 122 110 125 122 127 116 118 120 128 128 130 124 139 136 146 144 128 134 134 163 132 148 147 145 151 167 147 155 156 172 169 163 166 192 198 179 196 158 186 188 175 191 170 
4 17 7 14 5 3 14 11 31 16 29 26 26 17 15 34 27 36 41 32 48 44 47 60 38 54 64 59 57 76 69 62 58 65 64 78 80 75 77 82 74 73 92 84 94 79 94 94 98 95 90 97 125 96 104 102 92 122 110 125 122 127 116 118 120 128 128 130 124 139 136 146 144 128 134 134 163 132 148 147 145 151 167 147 155 156 172 169 163 166 192 198 179 196 158 186 188 175 191 170 
4 17 7 14 5 3 14 11 31 16 29 26 26 17 15 34 27 36 41 32 48 44 47 60 38 54 64 59 57 76 69 62 58 65 64 78 80 75 77 82 74 73 92 84 94 79 94 94 98 92 90 97 125 96 104 102 95 122 110 125 122 127 116 118 120 128 128 130 124 139 136 146 144 128 134 134 163 132 148 147 145 151 167 147 155 156 172 169 163 166 192 198 179 196 158 186 188 175 191 170 
4 17 7 14 5 3 14 11 31 16 29 26 26 17 15 34 27 36 41 32 48 44 47 60 38 54 64 59 57 76 69 62 58 65 64 78 80 75 77 82 74 73 92 84 94 79 94 94 98 92 90 97 125 96 104 102 95 120 110 125 122 127 116 118 122 128 128 130 124 139 136 146 144 128 134 134 163 132 148 147 145 151 167 147 155 156 172 169 163 166 192 198 179 196 158 186 188 175 191 170 
4 17 7 14 5 3 14 11 31 16 29 26 26 17 15 34 27 36 41 32 48 44 47 60 38 54 64 59 57 76 69 62 58 65 64 78 80 75 77 82 74 73 92 84 94 79 94 94 98 92 90 97 125 96 104 102 95 120 110 125 122 124 116 118 122 128 128 130 127 139 136 146 144 128 134 134 163 132 148 147 145 151 167 147 155 156 172 169 163 166 192 198 179 196 158 186 188 175 191 170 
4 17 7 14 5 3 14 11 31 16 29 26 26 17 15 34 27 36 41 32 48 44 47 60 38 54 64 59 57 76 69 62 58 65 64 78 80 75 77 82 74 73 92 84 94 79 94 94 98 92 90 97 125 96 104 102 95 120 110 125 122 124 116 118 122 128 128 130 127 139 132 146 144 128 134 134 163 136 148 147 145 151 167 147 155 156 172 169 163 166 192 198 179 196 158 186 188 175 191 170 
4 17 7 14 5 3 14 11 31 16 29 26 26 17 15 34 27 36 41 32 48 44 47 60 38 54 64 59 57 76 69 62 58 65 64 78 80 75 77 82 74 73 92 84 94 79 94 94 98 92 90 97 125 96 104 102 95 120 110 125 122 124 116 118 122 128 128 130 127 139 132 146 144 128 134 134 147 136 148 147 145 151 167 163 155 156 172 169 163 166 192 198 179 196 158 186 188 175 191 170 
4 17 7 14 5 3 14 11 31 16 29 26 26 17 15 34 27 36 41 32 48 44 47 60 38 54 64 59 57 76 69 62 58 65 64 78 80 75 77 82 74 73 92 84 94 79 94 94 98 92 90 97 125 96 104 102 95 120 110 125 122 124 116 118 122 128 128 130 127 139 132 146 144 128 134 134 147 136 148 147 145 151 166 163 155 156 172 169 163 167 192 198 179 196 158 186 188 175 191 170 
4 17 7 14 5 3 14 11 31 16 29 26 26 17 15 34 27 36 41 32 48 44 47 60 38 54 64 59 57 76 69 62 58 65 64 78 80 75 77 82 74 73 92 84 94 79 94 94 98 92 90 97 125 96 104 102 95 120 110 125 122 124 116 118 122 128 128 130 127 139 132 146 144 128 134 134 147 136 148 147 145 151 166 163 155 156 172 158 163 167 192 198 179 196 169 186 188 175 191 170 
4 17 7 14 5 3 14 11 31 16 29 26 26 17 15 34 27 36 41 32 48 44 47 60 38 54 64 59 57 76 69 62 58 65 64 78 80 75 77 82 74 73 92 84 94 79 94 94 98 92 90 97 125 96 104 102 95 120 110 125 122 124 116 118 122 128 128 130 127 139 132 146 144 128 134 134 147 136 148 147 145 151 166 163 155 156 172 158 163 167 175 198 179 196 169 186 188 192 191 170 
4 17 7 14 5 3 14 11 31 16 29 26 26 17 15 34 27 36 41 32 48 44 47 60 38 54 64 59 57 76 69 62 58 65 64 78 80 75 77 82 74 73 92 84 94 79 94 94 98 92 90 97 125 96 104 102 95 120 110 125 122 124 116 118 122 128 128 130 127 139 132 146 144 128 134 134 147 136 148 147 145 151 166 163 155 156 172 158 163 167 175 191 179 196 169 186 188 192 198 170 
4 17 7 14 5 3 14 11 31 16 29 26 26 17 15 34 27 36 41 32 48 44 47 60 38 54 64 59 57 76 69 62 58 65 64 78 80 75 77 82 74 73 92 84 94 79 94 94 98 92 90 97 125 96 104 102 95 120 110 125 122 124 116 118 122 128 128 130 127 139 132 146 144 128 134 134 147 136 148 147 145 151 166 163 155 156 172 158 163 167 175 191 170 196 169 186 188 192 198 179 
3 17 7 14 5 4 14 11 31 16 29 26 26 17 15 34 27 36 41 32 48 44 47 60 38 54 64 59 57 76 69 62 58 65 64 78 80 75 77 82 74 73 92 84 94 79 94 94 98 92 90 97 125 96 104 102 95 120 110 125 122 124 116 118 122 128 128 130 127 139 132 146 144 128 134 134 147 136 148 147 145 151 166 163 155 156 172 158 163 167 175 191 170 196 169 186 188 192 198 179 
3 14 7 14 5 4 17 11 31 16 29 26 26 17 15 34 27 36 41 32 48 44 47 60 38 54 64 59 57 76 69 62 58 65 64 78 80 75 77 82 74 73 92 84 94 79 94 94 98 92 90 97 125 96 104 102 95 120 110 125 122 124 116 118 122 128 128 130 127 139 132 146 144 128 134 134 147 136 148 147 145 151 166 163 155 156 172 158 163 167 175 191 170 196 169 186 188 192 198 179 
3 14 7 14 5 4 17 11 17 16 29 26 26 31 15 34 27 36 41 32 48 44 47 60 38 54 64 59 57 76 69 62 58 65 64 78 80 75 77 82 74 73 92 84 94 79 94 94 98 92 90 97 125 96 104 102 95 120 110 125 122 124 116 118 122 128 128 130 127 139 132 146 144 128 134 134 147 136 148 147 145 151 166 163 155 156 172 158 163 167 175 191 170 196 169 186 188 192 198 179 
3 14 7 14 5 4 17 11 17 15 29 26 26 31 16 34 27 36 41 32 48 44 47 60 38 54 64 59 57 76 69 62 58 65 64 78 80 75 77 82 74 73 92 84 94 79 94 94 98 92 90 97 125 96 104 102 95 120 110 125 122 124 116 118 122 128 128 130 127 139 132 146 144 128 134 134 147 136 148 147 145 151 166 163 155 156 172 158 163 167 175 191 170 196 169 186 188 192 198 179 
3 14 7 14 5 4 17 11 17 15 29 26 26 31 16 34 27 36 41 32 48 44 47 57 38 54 64 59 60 76 69 62 58 65 64 78 80 75 77 82 74 73 92 84 94 79 94 94 98 92 90 97 125 96 104 102 95 120 110 125 122 124 116 118 122 128 128 130 127 139 132 146 144 128 134 134 147 136 148 147 145 151 166 163 155 156 172 158 163 167 175 191 170 196 169 186 188 192 198 179 
3 14 7 14 5 4 17 11 17 15 29 26 26 31 16 34 27 36 41 32 48 44 47 57 38 54 62 59 60 76 69 64 58 65 64 78 80 75 77 82 74 73 92 84 94 79 94 94 98 92 90 97 125 96 104 102 95 120 110 125 122 124 116 118 122 128 128 130 127 139 132 146 144 128 134 134 147 136 148 147 145 151 166 163 155 156 172 158 163 167 175 191 170 196 169 186 188 192 198 179 
3 14 7 14 5 4 17 11 17 15 29 26 26 31 16 34 27 36 41 32 48 44 47 57 38 54 62 58 60 76 69 64 59 65 64 78 80 75 77 82 74 73 92 84 94 79 94 94 98 92 90 97 125 96 104 102 95 120 110 125 122 124 116 118 122 128 128 130 127 139 132 146 144 128 134 134 147 136 148 147 145 151 166 163 155 156 172 158 163 167 175 191 170 196 169 186 188 192 198 179 
3 14 7 14 5 4 17 11 17 15 29 26 26 31 16 34 27 36 41 32 48 44 47 57 38 54 62 58 60 64 69 64 59 65 76 78 80 75 77 82 74 73 92 84 94 79 94 94 98 92 90 97 125 96 104 102 95 120 110 125 122 124 116 118 122 128 128 130 127 139 132 146 144 128 134 134 147 136 148 147 145 151 166 163 155 156 172 158 163 167 175 191 170 196 169 186 188 192 198 179 
3 14 7 14 5 4 17 11 17 15 29 26 26 31 16 34 27 36 41 32 48 44 47 57 38 54 62 58 60 64 69 64 59 65 76 74 80 75 77 82 78 73 92 84 94 79 94 94 98 92 90 97 125 96 104 102 95 120 110 125 122 124 116 118 122 128 128 130 127 139 132 146 144 128 134 134 147 136 148 147 145 151 166 163 155 156 172 158 163 167 175 191 170 196 169 186 188 192 198 179 
3 14 7 14 5 4 17 11 17 15 29 26 26 31 16 34 27 36 41 32 48 44 47 57 38 54 62 58 60 64 69 64 59 65 76 74 73 75 77 82 78 80 92 84 94 79 94 94 98 92 90 97 125 96 104 102 95 120 110 125 122 124 116 118 122 128 128 130 127 139 132 146 144 128 134 134 147 136 148 147 145 151 166 163 155 156 172 158 163 167 175 191 170 196 169 186 188 192 198 179 
3 14 7 14 5 4 17 11 17 15 29 26 26 31 16 34 27 36 41 32 48 44 47 57 38 54 62 58 60 64 69 64 59 65 76 74 73 75 77 82 78 80 92 84 92 79 94 94 98 94 90 97 125 96 104 102 95 120 110 125 122 124 116 118 122 128 128 130 127 139 132 146 144 128 134 134 147 136 148 147 145 151 166 163 155 156 172 158 163 167 175 191 170 196 169 186 188 192 198 179 
3 14 7 14 5 4 17 11 17 15 29 26 26 31 16 34 27 36 41 32 48 44 47 57 38 54 62 58 60 64 69 64 59 65 76 74 73 75 77 82 78 80 92 84 92 79 94 94 96 94 90 97 125 98 104 102 95 120 110 125 122 124 116 118 122 128 128 130 127 139 132 146 144 128 134 134 147 136 148 147 145 151 166 163 155 156 172 158 163 167 175 191 170 196 169 186 188 192 198 179 
3 14 7 14 5 4 17 11 17 15 29 26 26 31 16 34 27 36 41 32 48 44 47 57 38 54 62 58 60 64 69 64 59 65 76 74 73 75 77 82 78 80 92 84 92 79 94 94 96 94 90 95 125 98 104 102 97 120 110 125 122 124 116 118 122 128 128 130 127 139 132 146 144 128 134 134 147 136 148 147 145 151 166 163 155 156 172 158 163 167 175 191 170 196 169 186 188 192 198 179 
3 14 7 14 5 4 17 11 17 15 29 26 26 31 16 34 27 36 41 32 48 44 47 57 38 54 62 58 60 64 69 64 59 65 76 74 73 75 77 82 78 80 92 84 92 79 94 94 96 94 90 95 120 98 104 102 97 125 110 125 122 124 116 118 122 128 128 130 127 139 132 146 144 128 134 134 147 136 148 147 145 151 166 163 155 156 172 158 163 167 175 191 170 196 169 186 188 192 198 179 
3 14 7 14 5 4 17 11 17 15 29 26 26 31 16 34 27 36 41 32 48 44 47 57 38 54 62 58 60 64 69 64 59 65 76 74 73 75 77 82 78 80 92 84 92 79 94 94 96 94 90 95 120 98 104 102 97 116 110 125 122 124 125 118 122 128 128 130 127 139 132 146 144 128 134 134 147 136 148 147 145 151 166 163 155 156 172 158 163 167 175 191 170 196 169 186 188 192 198 179 
3 14 7 14 5 4 17 11 17 15 29 26 26 31 16 34 27 36 41 32 48 44 47 57 38 54 62 58 60 64 69 64 59 65 76 74 73 75 77 82 78 80 92 84 92 79 94 94 96 94 90 95 120 98 104 102 97 116 110 122 122 124 125 118 125 128 128 130 127 139 132 146 144 128 134 134 147 136 148 147 145 151 166 163 155 156 172 158 163 167 175 191 170 196 169 186 188 192 198 179 
3 14 7 14 5 4 17 11 17 15 29 26 26 31 16 34 27 36 41 32 48 44 47 57 38 54 62 58 60 64 69 64 59 65 76 74 73 75 77 82 78 80 92 84 92 79 94 94 96 94 90 95 120 98 104 102 97 116 110 122 122 124 125 118 125 128 128 130 127 134 132 146 144 128 139 134 147 136 148 147 145 151 166 163 155 156 172 158 163 167 175 191 170 196 169 186 188 192 198 179 
3 14 7 14 5 4 17 11 17 15 29 26 26 31 16 34 27 36 41 32 48 44 47 57 38 54 62 58 60 64 69 64 59 65 76 74 73 75 77 82 78 80 92 84 92 79 94 94 96 94 90 95 120 98 104 102 97 116 110 122 122 124 125 118 125 128 128 130 127 134 132 146 136 128 139 134 147 144 148 147 145 151 166 163 155 156 172 158 163 167 175 191 170 196 169 186 188 192 198 179 
3 14 7 14 5 4 17 11 17 15 29 26 26 31 16 34 27 36 41 32 48 44 47 57 38 54 62 58 60 64 69 64 59 65 76 74 73 75 77 82 78 80 92 84 92 79 94 94 96 94 90 95 120 98 104 102 97 116 110 122 122 124 125 118 125 128 128 130 127 134 132 146 136 128 139 134 147 144 148 147 145 151 158 163 155 156 172 166 163 167 175 191 170 196 169 186 188 192 198 179 
3 14 7 14 5 4 17 11 17 15 29 26 26 31 16 34 27 36 41 32 48 44 47 57 38 54 62 58 60 64 69 64 59 65 76 74 73 75 77 82 78 80 92 84 92 79 94 94 96 94 90 95 120 98 104 102 97 116 110 122 122 124 125 118 125 128 128 130 127 134 132 146 136 128 139 134 147 144 148 147 145 151 158 163 155 156 172 166 163 167 175 188 170 196 169 186 191 192 198 179 
3 5 7 14 14 4 17 11 17 15 29 26 26 31 16 34 27 36 41 32 48 44 47 57 38 54 62 58 60 64 69 64 59 65 76 74 73 75 77 82 78 80 92 84 92 79 94 94 96 94 90 95 120 98 104 102 97 116 110 122 122 124 125 118 125 128 128 130 127 134 132 146 136 128 139 134 147 144 148 147 145 151 158 163 155 156 172 166 163 167 175 188 170 196 169 186 191 192 198 179 
3 5 4 14 14 7 17 11 17 15 29 26 26 31 16 34 27 36 41 32 48 44 47 57 38 54 62 58 60 64 69 64 59 65 76 74 73 75 77 82 78 80 92 84 92 79 94 94 96 94 90 95 120 98 104 102 97 116 110 122 122 124 125 118 125 128 128 130 127 134 132 146 136 128 139 134 147 144 148 147 145 151 158 163 155 156 172 166 163 167 175 188 170 196 169 186 191 192 198 179 
3 5 4 14 11 7 17 14 17 15 29 26 26 31 16 34 27 36 41 32 48 44 47 57 38 54 62 58 60 64 69 64 59 65 76 74 73 75 77 82 78 80 92 84 92 79 94 94 96 94 90 95 120 98 104 102 97 116 110 122 122 124 125 118 125 128 128 130 127 134 132 146 136 128 139 134 147 144 148 147 145 151 158 163 155 156 172 166 163 167 175 188 170 196 169 186 191 192 198 179 
3 5 4 14 11 7 15 14 17 17 29 26 26 31 16 34 27 36 41 32 48 44 47 57 38 54 62 58 60 64 69 64 59 65 76 74 73 75 77 82 78 80 92 84 92 79 94 94 96 94 90 95 120 98 104 102 97 116 110 122 122 124 125 118 125 128 128 130 127 134 132 146 136 128 139 134 147 144 148 147 145 151 158 163 155 156 172 166 163 167 175 188 170 196 169 186 191 192 198 179 
3 5 4 14 11 7 15 14 17 17 29 16 26 31 26 34 27 36 41 32 48 44 47 57 38 54 62 58 60 64 69 64 59 65 76 74 73 75 77 82 78 80 92 84 92 79 94 94 96 94 90 95 120 98 104 102 97 116 110 122 122 124 125 118 125 128 128 130 127 134 132 146 136 128 139 134 147 144 148 147 145 151 158 163 155 156 172 166 163 167 175 188 170 196 169 186 191 192 198 179 
3 5 4 14 11 7 15 14 17 17 29 16 26 27 26 34 31 36 41 32 48 44 47 57 38 54 62 58 60 64 69 64 59 65 76 74 73 75 77 82 78 80 92 84 92 79 94 94 96 94 90 95 120 98 104 102 97 116 110 122 122 124 125 118 125 128 128 130 127 134 132 146 136 128 139 134 147 144 148 147 145 151 158 163 155 156 172 166 163 167 175 188 170 196 169 186 191 192 198 179 
3 5 4 14 11 7 15 14 17 17 29 16 26 27 26 34 31 36 41 32 48 38 47 57 44 54 62 58 60 64 69 64 59 65 76 74 73 75 77 82 78 80 92 84 92 79 94 94 96 94 90 95 120 98 104 102 97 116 110 122 122 124 125 118 125 128 128 130 127 134 132 146 136 128 139 134 147 144 148 147 145 151 158 163 155 156 172 166 163 167 175 188 170 196 169 186 191 192 198 179 
3 5 4 14 11 7 15 14 17 17 29 16 26 27 26 34 31 36 41 32 48 38 47 57 44 54 62 58 60 59 69 64 64 65 76 74 73 75 77 82 78 80 92 84 92 79 94 94 96 94 90 95 120 98 104 102 97 116 110 122 122 124 125 118 125 128 128 130 127 134 132 146 136 128 139 134 147 144 148 147 145 151 158 163 155 156 172 166 163 167 175 188 170 196 169 186 191 192 198 179 
3 5 4 14 11 7 15 14 17 17 29 16 26 27 26 34 31 36 41 32 48 38 47 57 44 54 62 58 60 59 65 64 64 69 76 74 73 75 77 82 78 80 92 84 92 79 94 94 96 94 90 95 120 98 104 102 97 116 110 122 122 124 125 118 125 128 128 130 127 134 132 146 136 128 139 134 147 144 148 147 145 151 158 163 155 156 172 166 163 167 175 188 170 196 169 186 191 192 198 179 
3 5 4 14 11 7 15 14 17 17 29 16 26 27 26 34 31 36 41 32 48 38 47 57 44 54 62 58 60 59 65 64 64 69 75 74 73 76 77 82 78 80 92 84 92 79 94 94 96 94 90 95 120 98 104 102 97 116 110 122 122 124 125 118 125 128 128 130 127 134 132 146 136 128 139 134 147 144 148 147 145 151 158 163 155 156 172 166 163 167 175 188 170 196 169 186 191 192 198 179 
3 5 4 14 11 7 15 14 17 17 29 16 26 27 26 34 31 36 41 32 48 38 47 57 44 54 62 58 60 59 65 64 64 69 75 74 73 76 77 82 78 80 79 84 92 92 94 94 96 94 90 95 120 98 104 102 97 116 110 122 122 124 125 118 125 128 128 130 127 134 132 146 136 128 139 134 147 144 148 147 145 151 158 163 155 156 172 166 163 167 175 188 170 196 169 186 191 192 198 179 
3 5 4 14 11 7 15 14 17 17 29 16 26 27 26 34 31 36 41 32 48 38 47 57 44 54 62 58 60 59 65 64 64 69 75 74 73 76 77 82 78 80 79 84 92 92 94 90 96 94 94 95 120 98 104 102 97 116 110 122 122 124 125 118 125 128 128 130 127 134 132 146 136 128 139 134 147 144 148 147 145 151 158 163 155 156 172 166 163 167 175 188 170 196 169 186 191 192 198 179 
3 5 4 14 11 7 15 14 17 17 29 16 26 27 26 34 31 36 41 32 48 38 47 57 44 54 62 58 60 59 65 64 64 69 75 74 73 76 77 82 78 80 79 84 92 92 94 90 95 94 94 96 120 98 104 102 97 116 110 122 122 124 125 118 125 128 128 130 127 134 132 146 136 128 139 134 147 144 148 147 145 151 158 163 155 156 172 166 163 167 175 188 170 196 169 186 191 192 198 179 
3 5 4 14 11 7 15 14 17 17 29 16 26 27 26 34 31 36 41 32 48 38 47 57 44 54 62 58 60 59 65 64 64 69 75 74 73 76 77 82 78 80 79 84 92 92 94 90 95 94 94 96 102 98 104 120 97 116 110 122 122 124 125 118 125 128 128 130 127 134 132 146 136 128 139 134 147 144 148 147 145 151 158 163 155 156 172 166 163 167 175 188 170 196 169 186 191 192 198 179 
3 5 4 14 11 7 15 14 17 17 29 16 26 27 26 34 31 36 41 32 48 38 47 57 44 54 62 58 60 59 65 64 64 69 75 74 73 76 77 82 78 80 79 84 92 92 94 90 95 94 94 96 102 97 104 120 98 116 110 122 122 124 125 118 125 128 128 130 127 134 132 146 136 128 139 134 147 144 148 147 145 151 158 163 155 156 172 166 163 167 175 188 170 196 169 186 191 192 198 179 
3 5 4 14 11 7 15 14 17 17 29 16 26 27 26 34 31 36 41 32 48 38 47 57 44 54 62 58 60 59 65 64 64 69 75 74 73 76 77 82 78 80 79 84 92 92 94 90 95 94 94 96 102 97 104 110 98 116 120 122 122 124 125 118 125 128 128 130 127 134 132 146 136 128 139 134 147 144 148 147 145 151 158 163 155 156 172 166 163 167 175 188 170 196 169 186 191 192 198 179 
3 5 4 14 11 7 15 14 17 17 29 16 26 27 26 34 31 36 41 32 48 38 47 57 44 54 62 58 60 59 65 64 64 69 75 74 73 76 77 82 78 80 79 84 92 92 94 90 95 94 94 96 102 97 104 110 98 116 120 122 118 124 125 122 125 128 128 130 127 134 132 146 136 128 139 134 147 144 148 147 145 151 158 163 155 156 172 166 163 167 175 188 170 196 169 186 191 192 198 179 
3 5 4 14 11 7 15 14 17 17 29 16 26 27 26 34 31 36 41 32 48 38 47 57 44 54 62 58 60 59 65 64 64 69 75 74 73 76 77 82 78 80 79 84 92 92 94 90 95 94 94 96 102 97 104 110 98 116 120 122 118 124 125 122 125 127 128 130 128 134 132 146 136 128 139 134 147 144 148 147 145 151 158 163 155 156 172 166 163 167 175 188 170 196 169 186 191 192 198 179 
3 5 4 14 11 7 15 14 17 17 29 16 26 27 26 34 31 36 41 32 48 38 47 57 44 54 62 58 60 59 65 64 64 69 75 74 73 76 77 82 78 80 79 84 92 92 94 90 95 94 94 96 102 97 104 110 98 116 120 122 118 124 125 122 125 127 128 130 128 134 128 146 136 132 139 134 147 144 148 147 145 151 158 163 155 156 172 166 163 167 175 188 170 196 169 186 191 192 198 179 
3 5 4 14 11 7 15 14 17 17 29 16 26 27 26 34 31 36 41 32 48 38 47 57 44 54 62 58 60 59 65 64 64 69 75 74 73 76 77 82 78 80 79 84 92 92 94 90 95 94 94 96 102 97 104 110 98 116 120 122 118 124 125 122 125 127 128 130 128 134 128 139 136 132 146 134 147 144 148 147 145 151 158 163 155 156 172 166 163 167 175 188 170 196 169 186 191 192 198 179 
3 5 4 14 11 7 15 14 17 17 29 16 26 27 26 34 31 36 41 32 48 38 47 57 44 54 62 58 60 59 65 64 64 69 75 74 73 76 77 82 78 80 79 84 92 92 94 90 95 94 94 96 102 97 104 110 98 116 120 122 118 124 125 122 125 127 128 130 128 134 128 139 134 132 146 136 147 144 148 147 145 151 158 163 155 156 172 166 163 167 175 188 170 196 169 186 191 192 198 179 
3 5 4 14 11 7 15 14 17 17 29 16 26 27 26 34 31 36 41 32 48 38 47 57 44 54 62 58 60 59 65 64 64 69 75 74 73 76 77 82 78 80 79 84 92 92 94 90 95 94 94 96 102 97 104 110 98 116 120 122 118 124 125 122 125 127 128 130 128 134 128 139 134 132 144 136 147 146 148 147 145 151 158 163 155 156 172 166 163 167 175 188 170 196 169 186 191 192 198 179 
3 5 4 14 11 7 15 14 17 17 29 16 26 27 26 34 31 36 41 32 48 38 47 57 44 54 62 58 60 59 65 64 64 69 75 74 73 76 77 82 78 80 79 84 92 92 94 90 95 94 94 96 102 97 104 110 98 116 120 122 118 124 125 122 125 127 128 130 128 134 128 139 134 132 144 136 147 145 148 147 146 151 158 163 155 156 172 166 163 167 175 188 170 196 169 186 191 192 198 179 
3 5 4 14 11 7 15 14 17 17 29 16 26 27 26 34 31 36 41 32 48 38 47 57 44 54 62 58 60 59 65 64 64 69 75 74 73 76 77 82 78 80 79 84 92 92 94 90 95 94 94 96 102 97 104 110 98 116 120 122 118 124 125 122 125 127 128 130 128 134 128 139 134 132 144 136 147 145 148 147 146 151 156 163 155 158 172 166 163 167 175 188 170 196 169 186 191 192 198 179 
3 5 4 14 11 7 15 14 17 17 29 16 26 27 26 34 31 36 41 32 48 38 47 57 44 54 62 58 60 59 65 64 64 69 75 74 73 76 77 82 78 80 79 84 92 92 94 90 95 94 94 96 102 97 104 110 98 116 120 122 118 124 125 122 125 127 128 130 128 134 128 139 134 132 144 136 147 145 148 147 146 151 156 163 155 158 167 166 163 172 175 188 170 196 169 186 191 192 198 179 
3 5 4 14 11 7 15 14 17 17 29 16 26 27 26 34 31 36 41 32 48 38 47 57 44 54 62 58 60 59 65 64 64 69 75 74 73 76 77 82 78 80 79 84 92 92 94 90 95 94 94 96 102 97 104 110 98 116 120 122 118 124 125 122 125 127 128 130 128 134 128 139 134 132 144 136 147 145 148 147 146 151 156 163 155 158 167 166 163 170 175 188 172 196 169 186 191 192 198 179 
3 5 4 14 11 7 15 14 17 17 29 16 26 27 26 34 31 36 41 32 48 38 47 57 44 54 62 58 60 59 65 64 64 69 75 74 73 76 77 82 78 80 79 84 92 92 94 90 95 94 94 96 102 97 104 110 98 116 120 122 118 124 125 122 125 127 128 130 128 134 128 139 134 132 144 136 147 145 148 147 146 151 156 163 155 158 167 166 163 170 175 169 172 196 188 186 191 192 198 179 
3 5 4 14 11 7 15 14 17 17 29 16 26 27 26 34 31 36 41 32 48 38 47 57 44 54 62 58 60 59 65 64 64 69 75 74 73 76 77 82 78 80 79 84 92 92 94 90 95 94 94 96 102 97 104 110 98 116 120 122 118 124 125 122 125 127 128 130 128 134 128 139 134 132 144 136 147 145 148 147 146 151 156 163 155 158 167 166 163 170 175 169 172 191 188 186 196 192 198 179 
3 5 4 14 11 7 15 14 17 17 29 16 26 27 26 34 31 36 41 32 48 38 47 57 44 54 62 58 60 59 65 64 64 69 75 74 73 76 77 82 78 80 79 84 92 92 94 90 95 94 94 96 102 97 104 110 98 116 120 122 118 124 125 122 125 127 128 130 128 134 128 139 134 132 144 136 147 145 148 147 146 151 156 163 155 158 167 166 163 170 175 169 172 191 188 186 179 192 198 196 
3 5 4 7 11 14 15 14 17 17 29 16 26 27 26 34 31 36 41 32 48 38 47 57 44 54 62 58 60 59 65 64 64 69 75 74 73 76 77 82 78 80 79 84 92 92 94 90 95 94 94 96 102 97 104 110 98 116 120 122 118 124 125 122 125 127 128 130 128 134 128 139 134 132 144 136 147 145 148 147 146 151 156 163 155 158 167 166 163 170 175 169 172 191 188 186 179 192 198 196 
3 5 4 7 11 14 15 14 17 16 29 17 26 27 26 34 31 36 41 32 48 38 47 57 44 54 62 58 60 59 65 64 64 69 75 74 73 76 77 82 78 80 79 84 92 92 94 90 95 94 94 96 102 97 104 110 98 116 120 122 118 124 125 122 125 127 128 130 128 134 128 139 134 132 144 136 147 145 148 147 146 151 156 163 155 158 167 166 163 170 175 169 172 191 188 186 179 192 198 196 
3 5 4 7 11 14 15 14 17 16 26 17 29 27 26 34 31 36 41 32 48 38 47 57 44 54 62 58 60 59 65 64 64 69 75 74 73 76 77 82 78 80 79 84 92 92 94 90 95 94 94 96 102 97 104 110 98 116 120 122 118 124 125 122 125 127 128 130 128 134 128 139 134 132 144 136 147 145 148 147 146 151 156 163 155 158 167 166 163 170 175 169 172 191 188 186 179 192 198 196 
3 5 4 7 11 14 15 14 17 16 26 17 26 27 29 34 31 36 41 32 48 38 47 57 44 54 62 58 60 59 65 64 64 69 75 74 73 76 77 82 78 80 79 84 92 92 94 90 95 94 94 96 102 97 104 110 98 116 120 122 118 124 125 122 125 127 128 130 128 134 128 139 134 132 144 136 147 145 148 147 146 151 156 163 155 158 167 166 163 170 175 169 172 191 188 186 179 192 198 196 
3 5 4 7 11 14 15 14 17 16 26 17 26 27 29 34 31 32 41 36 48 38 47 57 44 54 62 58 60 59 65 64 64 69 75 74 73 76 77 82 78 80 79 84 92 92 94 90 95 94 94 96 102 97 104 110 98 116 120 122 118 124 125 122 125 127 128 130 128 134 128 139 134 132 144 136 147 145 148 147 146 151 156 163 155 158 167 166 163 170 175 169 172 191 188 186 179 192 198 196 
3 5 4 7 11 14 15 14 17 16 26 17 26 27 29 34 31 32 41 36 47 38 48 57 44 54 62 58 60 59 65 64 64 69 75 74 73 76 77 82 78 80 79 84 92 92 94 90 95 94 94 96 102 97 104 110 98 116 120 122 118 124 125 122 125 127 128 130 128 134 128 139 134 132 144 136 147 145 148 147 146 151 156 163 155 158 167 166 163 170 175 169 172 191 188 186 179 192 198 196 
3 5 4 7 11 14 15 14 17 16 26 17 26 27 29 34 31 32 41 36 47 38 44 57 48 54 62 58 60 59 65 64 64 69 75 74 73 76 77 82 78 80 79 84 92 92 94 90 95 94 94 96 102 97 104 110 98 116 120 122 118 124 125 122 125 127 128 130 128 134 128 139 134 132 144 136 147 145 148 147 146 151 156 163 155 158 167 166 163 170 175 169 172 191 188 186 179 192 198 196 
3 5 4 7 11 14 15 14 17 16 26 17 26 27 29 34 31 32 41 36 47 38 44 54 48 57 62 58 60 59 65 64 64 69 75 74 73 76 77 82 78 80 79 84 92 92 94 90 95 94 94 96 102 97 104 110 98 116 120 122 118 124 125 122 125 127 128 130 128 134 128 139 134 132 144 136 147 145 148 147 146 151 156 163 155 158 167 166 163 170 175 169 172 191 188 186 179 192 198 196 
3 5 4 7 11 14 15 14 17 16 26 17 26 27 29 34 31 32 41 36 47 38 44 54 48 57 60 58 62 59 65 64 64 69 75 74 73 76 77 82 78 80 79 84 92 92 94 90 95 94 94 96 102 97 104 110 98 116 120 122 118 124 125 122 125 127 128 130 128 134 128 139 134 132 144 136 147 145 148 147 146 151 156 163 155 158 167 166 163 170 175 169 172 191 188 186 179 192 198 196 
3 5 4 7 11 14 15 14 17 16 26 17 26 27 29 34 31 32 41 36 47 38 44 54 48 57 60 58 62 59 64 64 65 69 75 74 73 76 77 82 78 80 79 84 92 92 94 90 95 94 94 96 102 97 104 110 98 116 120 122 118 124 125 122 125 127 128 130 128 134 128 139 134 132 144 136 147 145 148 147 146 151 156 163 155 158 167 166 163 170 175 169 172 191 188 186 179 192 198 196 
3 5 4 7 11 14 15 14 17 16 26 17 26 27 29 34 31 32 41 36 47 38 44 54 48 57 60 58 62 59 64 64 65 69 73 74 75 76 77 82 78 80 79 84 92 92 94 90 95 94 94 96 102 97 104 110 98 116 120 122 118 124 125 122 125 127 128 130 128 134 128 139 134 132 144 136 147 145 148 147 146 151 156 163 155 158 167 166 163 170 175 169 172 191 188 186 179 192 198 196 
3 5 4 7 11 14 15 14 17 16 26 17 26 27 29 34 31 32 41 36 47 38 44 54 48 57 60 58 62 59 64 64 65 69 73 74 75 76 77 80 78 82 79 84 92 92 94 90 95 94 94 96 102 97 104 110 98 116 120 122 118 124 125 122 125 127 128 130 128 134 128 139 134 132 144 136 147 145 148 147 146 151 156 163 155 158 167 166 163 170 175 169 172 191 188 186 179 192 198 196 
3 5 4 7 11 14 15 14 17 16 26 17 26 27 29 34 31 32 41 36 47 38 44 54 48 57 60 58 62 59 64 64 65 69 73 74 75 76 77 80 78 82 79 84 92 90 94 92 95 94 94 96 102 97 104 110 98 116 120 122 118 124 125 122 125 127 128 130 128 134 128 139 134 132 144 136 147 145 148 147 146 151 156 163 155 158 167 166 163 170 175 169 172 191 188 186 179 192 198 196 
3 5 4 7 11 14 15 14 17 16 26 17 26 27 29 34 31 32 41 36 47 38 44 54 48 57 60 58 62 59 64 64 65 69 73 74 75 76 77 80 78 82 79 84 92 90 94 92 94 94 95 96 102 97 104 110 98 116 120 122 118 124 125 122 125 127 128 130 128 134 128 139 134 132 144 136 147 145 148 147 146 151 156 163 155 158 167 166 163 170 175 169 172 191 188 186 179 192 198 196 
3 5 4 7 11 14 15 14 17 16 26 17 26 27 29 34 31 32 41 36 47 38 44 54 48 57 60 58 62 59 64 64 65 69 73 74 75 76 77 80 78 82 79 84 92 90 94 92 94 94 95 96 102 97 98 110 104 116 120 122 118 124 125 122 125 127 128 130 128 134 128 139 134 132 144 136 147 145 148 147 146 151 156 163 155 158 167 166 163 170 175 169 172 191 188 186 179 192 198 196 
3 5 4 7 11 14 15 14 17 16 26 17 26 27 29 34 31 32 41 36 47 38 44 54 48 57 60 58 62 59 64 64 65 69 73 74 75 76 77 80 78 82 79 84 92 90 94 92 94 94 95 96 102 97 98 110 104 116 118 122 120 124 125 122 125 127 128 130 128 134 128 139 134 132 144 136 147 145 148 147 146 151 156 163 155 158 167 166 163 170 175 169 172 191 188 186 179 192 198 196 
3 5 4 7 11 14 15 14 17 16 26 17 26 27 29 34 31 32 41 36 47 38 44 54 48 57 60 58 62 59 64 64 65 69 73 74 75 76 77 80 78 82 79 84 92 90 94 92 94 94 95 96 102 97 98 110 104 116 118 122 120 122 125 124 125 127 128 130 128 134 128 139 134 132 144 136 147 145 148 147 146 151 156 163 155 158 167 166 163 170 175 169 172 191 188 186 179 192 198 196 
3 5 4 7 11 14 15 14 17 16 26 17 26 27 29 34 31 32 41 36 47 38 44 54 48 57 60 58 62 59 64 64 65 69 73 74 75 76 77 80 78 82 79 84 92 90 94 92 94 94 95 96 102 97 98 110 104 116 118 122 120 122 125 124 125 127 128 130 128 134 128 132 134 139 144 136 147 145 148 147 146 151 156 163 155 158 167 166 163 170 175 169 172 191 188 186 179 192 198 196 
3 5 4 7 11 14 15 14 17 16 26 17 26 27 29 34 31 32 41 36 47 38 44 54 48 57 60 58 62 59 64 64 65 69 73 74 75 76 77 80 78 82 79 84 92 90 94 92 94 94 95 96 102 97 98 110 104 116 118 122 120 122 125 124 125 127 128 130 128 134 128 132 134 136 144 139 147 145 148 147 146 151 156 163 155 158 167 166 163 170 175 169 172 191 188 186 179 192 198 196 
3 5 4 7 11 14 15 14 17 16 26 17 26 27 29 34 31 32 41 36 47 38 44 54 48 57 60 58 62 59 64 64 65 69 73 74 75 76 77 80 78 82 79 84 92 90 94 92 94 94 95 96 102 97 98 110 104 116 118 122 120 122 125 124 125 127 128 130 128 134 128 132 134 136 144 139 147 145 146 147 148 151 156 163 155 158 167 166 163 170 175 169 172 191 188 186 179 192 198 196 
3 5 4 7 11 14 15 14 17 16 26 17 26 27 29 34 31 32 41 36 47 38 44 54 48 57 60 58 62 59 64 64 65 69 73 74 75 76 77 80 78 82 79 84 92 90 94 92 94 94 95 96 102 97 98 110 104 116 118 122 120 122 125 124 125 127 128 130 128 134 128 132 134 136 144 139 147 145 146 147 148 151 155 163 156 158 167 166 163 170 175 169 172 191 188 186 179 192 198 196 
3 5 4 7 11 14 15 14 17 16 26 17 26 27 29 34 31 32 41 36 47 38 44 54 48 57 60 58 62 59 64 64 65 69 73 74 75 76 77 80 78 82 79 84 92 90 94 92 94 94 95 96 102 97 98 110 104 116 118 122 120 122 125 124 125 127 128 130 128 134 128 132 134 136 144 139 147 145 146 147 148 151 155 158 156 163 167 166 163 170 175 169 172 191 188 186 179 192 198 196 
3 5 4 7 11 14 15 14 17 16 26 17 26 27 29 34 31 32 41 36 47 38 44 54 48 57 60 58 62 59 64 64 65 69 73 74 75 76 77 80 78 82 79 84 92 90 94 92 94 94 95 96 102 97 98 110 104 116 118 122 120 122 125 124 125 127 128 130 128 134 128 132 134 136 144 139 147 145 146 147 148 151 155 158 156 163 163 166 167 170 175 169 172 191 188 186 179 192 198 196 
3 5 4 7 11 14 15 14 17 16 26 17 26 27 29 34 31 32 41 36 47 38 44 54 48 57 60 58 62 59 64 64 65 69 73 74 75 76 77 80 78 82 79 84 92 90 94 92 94 94 95 96 102 97 98 110 104 116 118 122 120 122 125 124 125 127 128 130 128 134 128 132 134 136 144 139 147 145 146 147 148 151 155 158 156 163 163 166 167 169 175 170 172 191 188 186 179 192 198 196 
3 5 4 7 11 14 15 14 17 16 26 17 26 27 29 34 31 32 41 36 47 38 44 54 48 57 60 58 62 59 64 64 65 69 73 74 75 76 77 80 78 82 79 84 92 90 94 92 94 94 95 96 102 97 98 110 104 116 118 122 120 122 125 124 125 127 128 130 128 134 128 132 134 136 144 139 147 145 146 147 148 151 155 158 156 163 163 166 167 169 172 170 175 191 188 186 179 192 198 196 
3 5 4 7 11 14 15 14 17 16 26 17 26 27 29 34 31 32 41 36 47 38 44 54 48 57 60 58 62 59 64 64 65 69 73 74 75 76 77 80 78 82 79 84 92 90 94 92 94 94 95 96 102 97 98 110 104 116 118 122 120 122 125 124 125 127 128 130 128 134 128 132 134 136 144 139 147 145 146 147 148 151 155 158 156 163 163 166 167 169 172 170 175 186 188 191 179 192 198 196 
3 5 4 7 11 14 15 14 17 16 26 17 26 27 29 34 31 32 41 36 47 38 44 54 48 57 60 58 62 59 64 64 65 69 73 74 75 76 77 80 78 82 79 84 92 90 94 92 94 94 95 96 102 97 98 110 104 116 118 122 120 122 125 124 125 127 128 130 128 134 128 132 134 136 144 139 147 145 146 147 148 151 155 158 156 163 163 166 167 169 172 170 175 186 179 191 188 192 198 196 
3 4 5 7 11 14 15 14 17 16 26 17 26 27 29 34 31 32 41 36 47 38 44 54 48 57 60 58 62 59 64 64 65 69 73 74 75 76 77 80 78 82 79 84 92 90 94 92 94 94 95 96 102 97 98 110 104 116 118 122 120 122 125 124 125 127 128 130 128 134 128 132 134 136 144 139 147 145 146 147 148 151 155 158 156 163 163 166 167 169 172 170 175 186 179 191 188 192 198 196 
3 4 5 7 11 14 14 15 17 16 26 17 26 27 29 34 31 32 41 36 47 38 44 54 48 57 60 58 62 59 64 64 65 69 73 74 75 76 77 80 78 82 79 84 92 90 94 92 94 94 95 96 102 97 98 110 104 116 118 122 120 122 125 124 125 127 128 130 128 134 128 132 134 136 144 139 147 145 146 147 148 151 155 158 156 163 163 166 167 169 172 170 175 186 179 191 188 192 198 196 
3 4 5 7 11 14 14 15 16 17 26 17 26 27 29 34 31 32 41 36 47 38 44 54 48 57 60 58 62 59 64 64 65 69 73 74 75 76 77 80 78 82 79 84 92 90 94 92 94 94 95 96 102 97 98 110 104 116 118 122 120 122 125 124 125 127 128 130 128 134 128 132 134 136 144 139 147 145 146 147 148 151 155 158 156 163 163 166 167 169 172 170 175 186 179 191 188 192 198 196 
3 4 5 7 11 14 14 15 16 17 17 26 26 27 29 34 31 32 41 36 47 38 44 54 48 57 60 58 62 59 64 64 65 69 73 74 75 76 77 80 78 82 79 84 92 90 94 92 94 94 95 96 102 97 98 110 104 116 118 122 120 122 125 124 125 127 128 130 128 134 128 132 134 136 144 139 147 145 146 147 148 151 155 158 156 163 163 166 167 169 172 170 175 186 179 191 188 192 198 196 
3 4 5 7 11 14 14 15 16 17 17 26 26 27 29 31 34 32 41 36 47 38 44 54 48 57 60 58 62 59 64 64 65 69 73 74 75 76 77 80 78 82 79 84 92 90 94 92 94 94 95 96 102 97 98 110 104 116 118 122 120 122 125 124 125 127 128 130 128 134 128 132 134 136 144 139 147 145 146 147 148 151 155 158 156 163 163 166 167 169 172 170 175 186 179 191 188 192 198 196 
3 4 5 7 11 14 14 15 16 17 17 26 26 27 29 31 32 34 41 36 47 38 44 54 48 57 60 58 62 59 64 64 65 69 73 74 75 76 77 80 78 82 79 84 92 90 94 92 94 94 95 96 102 97 98 110 104 116 118 122 120 122 125 124 125 127 128 130 128 134 128 132 134 136 144 139 147 145 146 147 148 151 155 158 156 163 163 166 167 169 172 170 175 186 179 191 188 192 198 196 
3 4 5 7 11 14 14 15 16 17 17 26 26 27 29 31 32 34 36 41 47 38 44 54 48 57 60 58 62 59 64 64 65 69 73 74 75 76 77 80 78 82 79 84 92 90 94 92 94 94 95 96 102 97 98 110 104 116 118 122 120 122 125 124 125 127 128 130 128 134 128 132 134 136 144 139 147 145 146 147 148 151 155 158 156 163 163 166 167 169 172 170 175 186 179 191 188 192 198 196 
3 4 5 7 11 14 14 15 16 17 17 26 26 27 29 31 32 34 36 41 38 47 44 54 48 57 60 58 62 59 64 64 65 69 73 74 75 76 77 80 78 82 79 84 92 90 94 92 94 94 95 96 102 97 98 110 104 116 118 122 120 122 125 124 125 127 128 130 128 134 128 132 134 136 144 139 147 145 146 147 148 151 155 158 156 163 163 166 167 169 172 170 175 186 179 191 188 192 198 196 
3 4 5 7 11 14 14 15 16 17 17 26 26 27 29 31 32 34 36 41 38 44 47 54 48 57 60 58 62 59 64 64 65 69 73 74 75 76 77 80 78 82 79 84 92 90 94 92 94 94 95 96 102 97 98 110 104 116 118 122 120 122 125 124 125 127 128 130 128 134 128 132 134 136 144 139 147 145 146 147 148 151 155 158 156 163 163 166 167 169 172 170 175 186 179 191 188 192 198 196 
3 4 5 7 11 14 14 15 16 17 17 26 26 27 29 31 32 34 36 41 38 44 47 48 54 57 60 58 62 59 64 64 65 69 73 74 75 76 77 80 78 82 79 84 92 90 94 92 94 94 95 96 102 97 98 110 104 116 118 122 120 122 125 124 125 127 128 130 128 134 128 132 134 136 144 139 147 145 146 147 148 151 155 158 156 163 163 166 167 169 172 170 175 186 179 191 188 192 198 196 
3 4 5 7 11 14 14 15 16 17 17 26 26 27 29 31 32 34 36 41 38 44 47 48 54 57 58 60 62 59 64 64 65 69 73 74 75 76 77 80 78 82 79 84 92 90 94 92 94 94 95 96 102 97 98 110 104 116 118 122 120 122 125 124 125 127 128 130 128 134 128 132 134 136 144 139 147 145 146 147 148 151 155 158 156 163 163 166 167 169 172 170 175 186 179 191 188 192 198 196 
3 4 5 7 11 14 14 15 16 17 17 26 26 27 29 31 32 34 36 41 38 44 47 48 54 57 58 60 59 62 64 64 65 69 73 74 75 76 77 80 78 82 79 84 92 90 94 92 94 94 95 96 102 97 98 110 104 116 118 122 120 122 125 124 125 127 128 130 128 134 128 132 134 136 144 139 147 145 146 147 148 151 155 158 156 163 163 166 167 169 172 170 175 186 179 191 188 192 198 196 
3 4 5 7 11 14 14 15 16 17 17 26 26 27 29 31 32 34 36 41 38 44 47 48 54 57 58 60 59 62 64 64 65 69 73 74 75 76 77 78 80 82 79 84 92 90 94 92 94 94 95 96 102 97 98 110 104 116 118 122 120 122 125 124 125 127 128 130 128 134 128 132 134 136 144 139 147 145 146 147 148 151 155 158 156 163 163 166 167 169 172 170 175 186 179 191 188 192 198 196 
3 4 5 7 11 14 14 15 16 17 17 26 26 27 29 31 32 34 36 41 38 44 47 48 54 57 58 60 59 62 64 64 65 69 73 74 75 76 77 78 80 79 82 84 92 90 94 92 94 94 95 96 102 97 98 110 104 116 118 122 120 122 125 124 125 127 128 130 128 134 128 132 134 136 144 139 147 145 146 147 148 151 155 158 156 163 163 166 167 169 172 170 175 186 179 191 188 192 198 196 
3 4 5 7 11 14 14 15 16 17 17 26 26 27 29 31 32 34 36 41 38 44 47 48 54 57 58 60 59 62 64 64 65 69 73 74 75 76 77 78 80 79 82 84 90 92 94 92 94 94 95 96 102 97 98 110 104 116 118 122 120 122 125 124 125 127 128 130 128 134 128 132 134 136 144 139 147 145 146 147 148 151 155 158 156 163 163 166 167 169 172 170 175 186 179 191 188 192 198 196 
3 4 5 7 11 14 14 15 16 17 17 26 26 27 29 31 32 34 36 41 38 44 47 48 54 57 58 60 59 62 64 64 65 69 73 74 75 76 77 78 80 79 82 84 90 92 92 94 94 94 95 96 102 97 98 110 104 116 118 122 120 122 125 124 125 127 128 130 128 134 128 132 134 136 144 139 147 145 146 147 148 151 155 158 156 163 163 166 167 169 172 170 175 186 179 191 188 192 198 196 
3 4 5 7 11 14 14 15 16 17 17 26 26 27 29 31 32 34 36 41 38 44 47 48 54 57 58 60 59 62 64 64 65 69 73 74 75 76 77 78 80 79 82 84 90 92 92 94 94 94 95 96 97 102 98 110 104 116 118 122 120 122 125 124 125 127 128 130 128 134 128 132 134 136 144 139 147 145 146 147 148 151 155 158 156 163 163 166 167 169 172 170 175 186 179 191 188 192 198 196 
3 4 5 7 11 14 14 15 16 17 17 26 26 27 29 31 32 34 36 41 38 44 47 48 54 57 58 60 59 62 64 64 65 69 73 74 75 76 77 78 80 79 82 84 90 92 92 94 94 94 95 96 97 98 102 110 104 116 118 122 120 122 125 124 125 127 128 130 128 134 128 132 134 136 144 139 147 145 146 147 148 151 155 158 156 163 163 166 167 169 172 170 175 186 179 191 188 192 198 196 
3 4 5 7 11 14 14 15 16 17 17 26 26 27 29 31 32 34 36 41 38 44 47 48 54 57 58 60 59 62 64 64 65 69 73 74 75 76 77 78 80 79 82 84 90 92 92 94 94 94 95 96 97 98 102 104 110 116 118 122 120 122 125 124 125 127 128 130 128 134 128 132 134 136 144 139 147 145 146 147 148 151 155 158 156 163 163 166 167 169 172 170 175 186 179 191 188 192 198 196 
3 4 5 7 11 14 14 15 16 17 17 26 26 27 29 31 32 34 36 41 38 44 47 48 54 57 58 60 59 62 64 64 65 69 73 74 75 76 77 78 80 79 82 84 90 92 92 94 94 94 95 96 97 98 102 104 110 116 118 120 122 122 125 124 125 127 128 130 128 134 128 132 134 136 144 139 147 145 146 147 148 151 155 158 156 163 163 166 167 169 172 170 175 186 179 191 188 192 198 196 
3 4 5 7 11 14 14 15 16 17 17 26 26 27 29 31 32 34 36 41 38 44 47 48 54 57 58 60 59 62 64 64 65 69 73 74 75 76 77 78 80 79 82 84 90 92 92 94 94 94 95 96 97 98 102 104 110 116 118 120 122 122 124 125 125 127 128 130 128 134 128 132 134 136 144 139 147 145 146 147 148 151 155 158 156 163 163 166 167 169 172 170 175 186 179 191 188 192 198 196 
3 4 5 7 11 14 14 15 16 17 17 26 26 27 29 31 32 34 36 41 38 44 47 48 54 57 58 60 59 62 64 64 65 69 73 74 75 76 77 78 80 79 82 84 90 92 92 94 94 94 95 96 97 98 102 104 110 116 118 120 122 122 124 125 125 127 128 128 130 134 128 132 134 136 144 139 147 145 146 147 148 151 155 158 156 163 163 166 167 169 172 170 175 186 179 191 188 192 198 196 
3 4 5 7 11 14 14 15 16 17 17 26 26 27 29 31 32 34 36 41 38 44 47 48 54 57 58 60 59 62 64 64 65 69 73 74 75 76 77 78 80 79 82 84 90 92 92 94 94 94 95 96 97 98 102 104 110 116 118 120 122 122 124 125 125 127 128 128 130 128 134 132 134 136 144 139 147 145 146 147 148 151 155 158 156 163 163 166 167 169 172 170 175 186 179 191 188 192 198 196 
3 4 5 7 11 14 14 15 16 17 17 26 26 27 29 31 32 34 36 41 38 44 47 48 54 57 58 60 59 62 64 64 65 69 73 74 75 76 77 78 80 79 82 84 90 92 92 94 94 94 95 96 97 98 102 104 110 116 118 120 122 122 124 125 125 127 128 128 130 128 132 134 134 136 144 139 147 145 146 147 148 151 155 158 156 163 163 166 167 169 172 170 175 186 179 191 188 192 198 196 
3 4 5 7 11 14 14 15 16 17 17 26 26 27 29 31 32 34 36 41 38 44 47 48 54 57 58 60 59 62 64 64 65 69 73 74 75 76 77 78 80 79 82 84 90 92 92 94 94 94 95 96 97 98 102 104 110 116 118 120 122 122 124 125 125 127 128 128 130 128 132 134 134 136 139 144 147 145 146 147 148 151 155 158 156 163 163 166 167 169 172 170 175 186 179 191 188 192 198 196 
3 4 5 7 11 14 14 15 16 17 17 26 26 27 29 31 32 34 36 41 38 44 47 48 54 57 58 60 59 62 64 64 65 69 73 74 75 76 77 78 80 79 82 84 90 92 92 94 94 94 95 96 97 98 102 104 110 116 118 120 122 122 124 125 125 127 128 128 130 128 132 134 134 136 139 144 145 147 146 147 148 151 155 158 156 163 163 166 167 169 172 170 175 186 179 191 188 192 198 196 
3 4 5 7 11 14 14 15 16 17 17 26 26 27 29 31 32 34 36 41 38 44 47 48 54 57 58 60 59 62 64 64 65 69 73 74 75 76 77 78 80 79 82 84 90 92 92 94 94 94 95 96 97 98 102 104 110 116 118 120 122 122 124 125 125 127 128 128 130 128 132 134 134 136 139 144 145 146 147 147 148 151 155 158 156 163 163 166 167 169 172 170 175 186 179 191 188 192 198 196 
3 4 5 7 11 14 14 15 16 17 17 26 26 27 29 31 32 34 36 41 38 44 47 48 54 57 58 60 59 62 64 64 65 69 73 74 75 76 77 78 80 79 82 84 90 92 92 94 94 94 95 96 97 98 102 104 110 116 118 120 122 122 124 125 125 127 128 128 130 128 132 134 134 136 139 144 145 146 147 147 148 151 155 156 158 163 163 166 167 169 172 170 175 186 179 191 188 192 198 196 
3 4 5 7 11 14 14 15 16 17 17 26 26 27 29 31 32 34 36 41 38 44 47 48 54 57 58 60 59 62 64 64 65 69 73 74 75 76 77 78 80 79 82 84 90 92 92 94 94 94 95 96 97 98 102 104 110 116 118 120 122 122 124 125 125 127 128 128 130 128 132 134 134 136 139 144 145 146 147 147 148 151 155 156 158 163 163 166 167 169 170 172 175 186 179 191 188 192 198 196 
3 4 5 7 11 14 14 15 16 17 17 26 26 27 29 31 32 34 36 41 38 44 47 48 54 57 58 60 59 62 64 64 65 69 73 74 75 76 77 78 80 79 82 84 90 92 92 94 94 94 95 96 97 98 102 104 110 116 118 120 122 122 124 125 125 127 128 128 130 128 132 134 134 136 139 144 145 146 147 147 148 151 155 156 158 163 163 166 167 169 170 172 175 179 186 191 188 192 198 196 
3 4 5 7 11 14 14 15 16 17 17 26 26 27 29 31 32 34 36 41 38 44 47 48 54 57 58 60 59 62 64 64 65 69 73 74 75 76 77 78 80 79 82 84 90 92 92 94 94 94 95 96 97 98 102 104 110 116 118 120 122 122 124 125 125 127 128 128 130 128 132 134 134 136 139 144 145 146 147 147 148 151 155 156 158 163 163 166 167 169 170 172 175 179 186 188 191 192 198 196 
3 4 5 7 11 14 14 15 16 17 17 26 26 27 29 31 32 34 36 41 38 44 47 48 54 57 58 60 59 62 64 64 65 69 73 74 75 76 77 78 80 79 82 84 90 92 92 94 94 94 95 96 97 98 102 104 110 116 118 120 122 122 124 125 125 127 128 128 130 128 132 134 134 136 139 144 145 146 147 147 148 151 155 156 158 163 163 166 167 169 170 172 175 179 186 188 191 192 196 198 
3 4 5 7 11 14 14 15 16 17 17 26 26 27 29 31 32 34 36 38 41 44 47 48 54 57 58 60 59 62 64 64 65 69 73 74 75 76 77 78 80 79 82 84 90 92 92 94 94 94 95 96 97 98 102 104 110 116 118 120 122 122 124 125 125 127 128 128 130 128 132 134 134 136 139 144 145 146 147 147 148 151 155 156 158 163 163 166 167 169 170 172 175 179 186 188 191 192 196 198 
3 4 5 7 11 14 14 15 16 17 17 26 26 27 29 31 32 34 36 38 41 44 47 48 54 57 58 59 60 62 64 64 65 69 73 74 75 76 77 78 80 79 82 84 90 92 92 94 94 94 95 96 97 98 102 104 110 116 118 120 122 122 124 125 125 127 128 128 130 128 132 134 134 136 139 144 145 146 147 147 148 151 155 156 158 163 163 166 167 169 170 172 175 179 186 188 191 192 196 198 
3 4 5 7 11 14 14 15 16 17 17 26 26 27 29 31 32 34 36 38 41 44 47 48 54 57 58 59 60 62 64 64 65 69 73 74 75 76 77 78 79 80 82 84 90 92 92 94 94 94 95 96 97 98 102 104 110 116 118 120 122 122 124 125 125 127 128 128 130 128 132 134 134 136 139 144 145 146 147 147 148 151 155 156 158 163 163 166 167 169 170 172 175 179 186 188 191 192 196 198 
3 4 5 7 11 14 14 15 16 17 17 26 26 27 29 31 32 34 36 38 41 44 47 48 54 57 58 59 60 62 64 64 65 69 73 74 75 76 77 78 79 80 82 84 90 92 92 94 94 94 95 96 97 98 102 104 110 116 118 120 122 122 124 125 125 127 128 128 128 130 132 134 134 136 139 144 145 146 147 147 148 151 155 156 158 163 163 166 167 169 170 172 175 179 186 188 191 192 196 198 
