84 188 17 155 57 122 116 90 128 146 124 163 32 120 5 79 128 104 158 4 130 41 125 44 156 47 191 16 163 147 139 82 192 198 144 169 64 11 3 14 15 29 54 151 148 170 125 65 179 62 74 59 127 58 92 73 134 167 132 110 122 94 136 94 36 97 147 27 196 31 172 38 14 76 118 64 7 175 96 26 145 17 134 98 60 26 80 94 77 78 186 166 75 48 92 69 95 102 34 128 
3 188 17 155 57 122 116 90 128 146 124 163 32 120 5 79 128 104 158 4 130 41 125 44 156 47 191 16 163 147 139 82 192 198 144 169 64 11 3 14 15 29 54 151 148 170 125 65 179 62 74 59 127 58 92 73 134 167 132 110 122 94 136 94 36 97 147 27 196 31 172 38 14 76 118 64 7 175 96 26 145 17 134 98 60 26 80 94 77 78 186 166 75 48 92 69 95 102 34 128 
3 4 17 155 57 122 116 90 128 146 124 163 32 120 5 79 128 104 158 4 130 41 125 44 156 47 191 16 163 147 139 82 192 198 144 169 64 11 3 14 15 29 54 151 148 170 125 65 179 62 74 59 127 58 92 73 134 167 132 110 122 94 136 94 36 97 147 27 196 31 172 38 14 76 118 64 7 175 96 26 145 17 134 98 60 26 80 94 77 78 186 166 75 48 92 69 95 102 34 128 
3 4 5 155 57 122 116 90 128 146 124 163 32 120 5 79 128 104 158 4 130 41 125 44 156 47 191 16 163 147 139 82 192 198 144 169 64 11 3 14 15 29 54 151 148 170 125 65 179 62 74 59 127 58 92 73 134 167 132 110 122 94 136 94 36 97 147 27 196 31 172 38 14 76 118 64 7 175 96 26 145 17 134 98 60 26 80 94 77 78 186 166 75 48 92 69 95 102 34 128 
3 4 5 7 57 122 116 90 128 146 124 163 32 120 5 79 128 104 158 4 130 41 125 44 156 47 191 16 163 147 139 82 192 198 144 169 64 11 3 14 15 29 54 151 148 170 125 65 179 62 74 59 127 58 92 73 134 167 132 110 122 94 136 94 36 97 147 27 196 31 172 38 14 76 118 64 7 175 96 26 145 17 134 98 60 26 80 94 77 78 186 166 75 48 92 69 95 102 34 128 
3 4 5 7 11 122 116 90 128 146 124 163 32 120 5 79 128 104 158 4 130 41 125 44 156 47 191 16 163 147 139 82 192 198 144 169 64 11 3 14 15 29 54 151 148 170 125 65 179 62 74 59 127 58 92 73 134 167 132 110 122 94 136 94 36 97 147 27 196 31 172 38 14 76 118 64 7 175 96 26 145 17 134 98 60 26 80 94 77 78 186 166 75 48 92 69 95 102 34 128 
3 4 5 7 11 14 116 90 128 146 124 163 32 120 5 79 128 104 158 4 130 41 125 44 156 47 191 16 163 147 139 82 192 198 144 169 64 11 3 14 15 29 54 151 148 170 125 65 179 62 74 59 127 58 92 73 134 167 132 110 122 94 136 94 36 97 147 27 196 31 172 38 14 76 118 64 7 175 96 26 145 17 134 98 60 26 80 94 77 78 186 166 75 48 92 69 95 102 34 128 
3 4 5 7 11 14 14 90 128 146 124 163 32 120 5 79 128 104 158 4 130 41 125 44 156 47 191 16 163 147 139 82 192 198 144 169 64 11 3 14 15 29 54 151 148 170 125 65 179 62 74 59 127 58 92 73 134 167 132 110 122 94 136 94 36 97 147 27 196 31 172 38 14 76 118 64 7 175 96 26 145 17 134 98 60 26 80 94 77 78 186 166 75 48 92 69 95 102 34 128 
3 4 5 7 11 14 14 15 128 146 124 163 32 120 5 79 128 104 158 4 130 41 125 44 156 47 191 16 163 147 139 82 192 198 144 169 64 11 3 14 15 29 54 151 148 170 125 65 179 62 74 59 127 58 92 73 134 167 132 110 122 94 136 94 36 97 147 27 196 31 172 38 14 76 118 64 7 175 96 26 145 17 134 98 60 26 80 94 77 78 186 166 75 48 92 69 95 102 34 128 
3 4 5 7 11 14 14 15 16 146 124 163 32 120 5 79 128 104 158 4 130 41 125 44 156 47 191 16 163 147 139 82 192 198 144 169 64 11 3 14 15 29 54 151 148 170 125 65 179 62 74 59 127 58 92 73 134 167 132 110 122 94 136 94 36 97 147 27 196 31 172 38 14 76 118 64 7 175 96 26 145 17 134 98 60 26 80 94 77 78 186 166 75 48 92 69 95 102 34 128 
3 4 5 7 11 14 14 15 16 17 124 163 32 120 5 79 128 104 158 4 130 41 125 44 156 47 191 16 163 147 139 82 192 198 144 169 64 11 3 14 15 29 54 151 148 170 125 65 179 62 74 59 127 58 92 73 134 167 132 110 122 94 136 94 36 97 147 27 196 31 172 38 14 76 118 64 7 175 96 26 145 17 134 98 60 26 80 94 77 78 186 166 75 48 92 69 95 102 34 128 
3 4 5 7 11 14 14 15 16 17 17 163 32 120 5 79 128 104 158 4 130 41 125 44 156 47 191 16 163 147 139 82 192 198 144 169 64 11 3 14 15 29 54 151 148 170 125 65 179 62 74 59 127 58 92 73 134 167 132 110 122 94 136 94 36 97 147 27 196 31 172 38 14 76 118 64 7 175 96 26 145 17 134 98 60 26 80 94 77 78 186 166 75 48 92 69 95 102 34 128 
3 4 5 7 11 14 14 15 16 17 17 26 32 120 5 79 128 104 158 4 130 41 125 44 156 47 191 16 163 147 139 82 192 198 144 169 64 11 3 14 15 29 54 151 148 170 125 65 179 62 74 59 127 58 92 73 134 167 132 110 122 94 136 94 36 97 147 27 196 31 172 38 14 76 118 64 7 175 96 26 145 17 134 98 60 26 80 94 77 78 186 166 75 48 92 69 95 102 34 128 
3 4 5 7 11 14 14 15 16 17 17 26 26 120 5 79 128 104 158 4 130 41 125 44 156 47 191 16 163 147 139 82 192 198 144 169 64 11 3 14 15 29 54 151 148 170 125 65 179 62 74 59 127 58 92 73 134 167 132 110 122 94 136 94 36 97 147 27 196 31 172 38 14 76 118 64 7 175 96 26 145 17 134 98 60 26 80 94 77 78 186 166 75 48 92 69 95 102 34 128 
3 4 5 7 11 14 14 15 16 17 17 26 26 27 5 79 128 104 158 4 130 41 125 44 156 47 191 16 163 147 139 82 192 198 144 169 64 11 3 14 15 29 54 151 148 170 125 65 179 62 74 59 127 58 92 73 134 167 132 110 122 94 136 94 36 97 147 27 196 31 172 38 14 76 118 64 7 175 96 26 145 17 134 98 60 26 80 94 77 78 186 166 75 48 92 69 95 102 34 128 
3 4 5 7 11 14 14 15 16 17 17 26 26 27 29 79 128 104 158 4 130 41 125 44 156 47 191 16 163 147 139 82 192 198 144 169 64 11 3 14 15 29 54 151 148 170 125 65 179 62 74 59 127 58 92 73 134 167 132 110 122 94 136 94 36 97 147 27 196 31 172 38 14 76 118 64 7 175 96 26 145 17 134 98 60 26 80 94 77 78 186 166 75 48 92 69 95 102 34 128 
3 4 5 7 11 14 14 15 16 17 17 26 26 27 29 31 128 104 158 4 130 41 125 44 156 47 191 16 163 147 139 82 192 198 144 169 64 11 3 14 15 29 54 151 148 170 125 65 179 62 74 59 127 58 92 73 134 167 132 110 122 94 136 94 36 97 147 27 196 31 172 38 14 76 118 64 7 175 96 26 145 17 134 98 60 26 80 94 77 78 186 166 75 48 92 69 95 102 34 128 
3 4 5 7 11 14 14 15 16 17 17 26 26 27 29 31 32 104 158 4 130 41 125 44 156 47 191 16 163 147 139 82 192 198 144 169 64 11 3 14 15 29 54 151 148 170 125 65 179 62 74 59 127 58 92 73 134 167 132 110 122 94 136 94 36 97 147 27 196 31 172 38 14 76 118 64 7 175 96 26 145 17 134 98 60 26 80 94 77 78 186 166 75 48 92 69 95 102 34 128 
3 4 5 7 11 14 14 15 16 17 17 26 26 27 29 31 32 34 158 4 130 41 125 44 156 47 191 16 163 147 139 82 192 198 144 169 64 11 3 14 15 29 54 151 148 170 125 65 179 62 74 59 127 58 92 73 134 167 132 110 122 94 136 94 36 97 147 27 196 31 172 38 14 76 118 64 7 175 96 26 145 17 134 98 60 26 80 94 77 78 186 166 75 48 92 69 95 102 34 128 
3 4 5 7 11 14 14 15 16 17 17 26 26 27 29 31 32 34 36 4 130 41 125 44 156 47 191 16 163 147 139 82 192 198 144 169 64 11 3 14 15 29 54 151 148 170 125 65 179 62 74 59 127 58 92 73 134 167 132 110 122 94 136 94 36 97 147 27 196 31 172 38 14 76 118 64 7 175 96 26 145 17 134 98 60 26 80 94 77 78 186 166 75 48 92 69 95 102 34 128 
3 4 5 7 11 14 14 15 16 17 17 26 26 27 29 31 32 34 36 38 130 41 125 44 156 47 191 16 163 147 139 82 192 198 144 169 64 11 3 14 15 29 54 151 148 170 125 65 179 62 74 59 127 58 92 73 134 167 132 110 122 94 136 94 36 97 147 27 196 31 172 38 14 76 118 64 7 175 96 26 145 17 134 98 60 26 80 94 77 78 186 166 75 48 92 69 95 102 34 128 
3 4 5 7 11 14 14 15 16 17 17 26 26 27 29 31 32 34 36 38 41 41 125 44 156 47 191 16 163 147 139 82 192 198 144 169 64 11 3 14 15 29 54 151 148 170 125 65 179 62 74 59 127 58 92 73 134 167 132 110 122 94 136 94 36 97 147 27 196 31 172 38 14 76 118 64 7 175 96 26 145 17 134 98 60 26 80 94 77 78 186 166 75 48 92 69 95 102 34 128 
3 4 5 7 11 14 14 15 16 17 17 26 26 27 29 31 32 34 36 38 41 44 125 44 156 47 191 16 163 147 139 82 192 198 144 169 64 11 3 14 15 29 54 151 148 170 125 65 179 62 74 59 127 58 92 73 134 167 132 110 122 94 136 94 36 97 147 27 196 31 172 38 14 76 118 64 7 175 96 26 145 17 134 98 60 26 80 94 77 78 186 166 75 48 92 69 95 102 34 128 
3 4 5 7 11 14 14 15 16 17 17 26 26 27 29 31 32 34 36 38 41 44 47 44 156 47 191 16 163 147 139 82 192 198 144 169 64 11 3 14 15 29 54 151 148 170 125 65 179 62 74 59 127 58 92 73 134 167 132 110 122 94 136 94 36 97 147 27 196 31 172 38 14 76 118 64 7 175 96 26 145 17 134 98 60 26 80 94 77 78 186 166 75 48 92 69 95 102 34 128 
3 4 5 7 11 14 14 15 16 17 17 26 26 27 29 31 32 34 36 38 41 44 47 48 156 47 191 16 163 147 139 82 192 198 144 169 64 11 3 14 15 29 54 151 148 170 125 65 179 62 74 59 127 58 92 73 134 167 132 110 122 94 136 94 36 97 147 27 196 31 172 38 14 76 118 64 7 175 96 26 145 17 134 98 60 26 80 94 77 78 186 166 75 48 92 69 95 102 34 128 
3 4 5 7 11 14 14 15 16 17 17 26 26 27 29 31 32 34 36 38 41 44 47 48 54 47 191 16 163 147 139 82 192 198 144 169 64 11 3 14 15 29 54 151 148 170 125 65 179 62 74 59 127 58 92 73 134 167 132 110 122 94 136 94 36 97 147 27 196 31 172 38 14 76 118 64 7 175 96 26 145 17 134 98 60 26 80 94 77 78 186 166 75 48 92 69 95 102 34 128 
3 4 5 7 11 14 14 15 16 17 17 26 26 27 29 31 32 34 36 38 41 44 47 48 54 57 191 16 163 147 139 82 192 198 144 169 64 11 3 14 15 29 54 151 148 170 125 65 179 62 74 59 127 58 92 73 134 167 132 110 122 94 136 94 36 97 147 27 196 31 172 38 14 76 118 64 7 175 96 26 145 17 134 98 60 26 80 94 77 78 186 166 75 48 92 69 95 102 34 128 
3 4 5 7 11 14 14 15 16 17 17 26 26 27 29 31 32 34 36 38 41 44 47 48 54 57 58 16 163 147 139 82 192 198 144 169 64 11 3 14 15 29 54 151 148 170 125 65 179 62 74 59 127 58 92 73 134 167 132 110 122 94 136 94 36 97 147 27 196 31 172 38 14 76 118 64 7 175 96 26 145 17 134 98 60 26 80 94 77 78 186 166 75 48 92 69 95 102 34 128 
3 4 5 7 11 14 14 15 16 17 17 26 26 27 29 31 32 34 36 38 41 44 47 48 54 57 58 59 163 147 139 82 192 198 144 169 64 11 3 14 15 29 54 151 148 170 125 65 179 62 74 59 127 58 92 73 134 167 132 110 122 94 136 94 36 97 147 27 196 31 172 38 14 76 118 64 7 175 96 26 145 17 134 98 60 26 80 94 77 78 186 166 75 48 92 69 95 102 34 128 
3 4 5 7 11 14 14 15 16 17 17 26 26 27 29 31 32 34 36 38 41 44 47 48 54 57 58 59 60 147 139 82 192 198 144 169 64 11 3 14 15 29 54 151 148 170 125 65 179 62 74 59 127 58 92 73 134 167 132 110 122 94 136 94 36 97 147 27 196 31 172 38 14 76 118 64 7 175 96 26 145 17 134 98 60 26 80 94 77 78 186 166 75 48 92 69 95 102 34 128 
3 4 5 7 11 14 14 15 16 17 17 26 26 27 29 31 32 34 36 38 41 44 47 48 54 57 58 59 60 62 139 82 192 198 144 169 64 11 3 14 15 29 54 151 148 170 125 65 179 62 74 59 127 58 92 73 134 167 132 110 122 94 136 94 36 97 147 27 196 31 172 38 14 76 118 64 7 175 96 26 145 17 134 98 60 26 80 94 77 78 186 166 75 48 92 69 95 102 34 128 
3 4 5 7 11 14 14 15 16 17 17 26 26 27 29 31 32 34 36 38 41 44 47 48 54 57 58 59 60 62 64 82 192 198 144 169 64 11 3 14 15 29 54 151 148 170 125 65 179 62 74 59 127 58 92 73 134 167 132 110 122 94 136 94 36 97 147 27 196 31 172 38 14 76 118 64 7 175 96 26 145 17 134 98 60 26 80 94 77 78 186 166 75 48 92 69 95 102 34 128 
3 4 5 7 11 14 14 15 16 17 17 26 26 27 29 31 32 34 36 38 41 44 47 48 54 57 58 59 60 62 64 64 192 198 144 169 64 11 3 14 15 29 54 151 148 170 125 65 179 62 74 59 127 58 92 73 134 167 132 110 122 94 136 94 36 97 147 27 196 31 172 38 14 76 118 64 7 175 96 26 145 17 134 98 60 26 80 94 77 78 186 166 75 48 92 69 95 102 34 128 
3 4 5 7 11 14 14 15 16 17 17 26 26 27 29 31 32 34 36 38 41 44 47 48 54 57 58 59 60 62 64 64 65 198 144 169 64 11 3 14 15 29 54 151 148 170 125 65 179 62 74 59 127 58 92 73 134 167 132 110 122 94 136 94 36 97 147 27 196 31 172 38 14 76 118 64 7 175 96 26 145 17 134 98 60 26 80 94 77 78 186 166 75 48 92 69 95 102 34 128 
3 4 5 7 11 14 14 15 16 17 17 26 26 27 29 31 32 34 36 38 41 44 47 48 54 57 58 59 60 62 64 64 65 69 144 169 64 11 3 14 15 29 54 151 148 170 125 65 179 62 74 59 127 58 92 73 134 167 132 110 122 94 136 94 36 97 147 27 196 31 172 38 14 76 118 64 7 175 96 26 145 17 134 98 60 26 80 94 77 78 186 166 75 48 92 69 95 102 34 128 
3 4 5 7 11 14 14 15 16 17 17 26 26 27 29 31 32 34 36 38 41 44 47 48 54 57 58 59 60 62 64 64 65 69 73 169 64 11 3 14 15 29 54 151 148 170 125 65 179 62 74 59 127 58 92 73 134 167 132 110 122 94 136 94 36 97 147 27 196 31 172 38 14 76 118 64 7 175 96 26 145 17 134 98 60 26 80 94 77 78 186 166 75 48 92 69 95 102 34 128 
3 4 5 7 11 14 14 15 16 17 17 26 26 27 29 31 32 34 36 38 41 44 47 48 54 57 58 59 60 62 64 64 65 69 73 74 64 11 3 14 15 29 54 151 148 170 125 65 179 62 74 59 127 58 92 73 134 167 132 110 122 94 136 94 36 97 147 27 196 31 172 38 14 76 118 64 7 175 96 26 145 17 134 98 60 26 80 94 77 78 186 166 75 48 92 69 95 102 34 128 
3 4 5 7 11 14 14 15 16 17 17 26 26 27 29 31 32 34 36 38 41 44 47 48 54 57 58 59 60 62 64 64 65 69 73 74 75 11 3 14 15 29 54 151 148 170 125 65 179 62 74 59 127 58 92 73 134 167 132 110 122 94 136 94 36 97 147 27 196 31 172 38 14 76 118 64 7 175 96 26 145 17 134 98 60 26 80 94 77 78 186 166 75 48 92 69 95 102 34 128 
3 4 5 7 11 14 14 15 16 17 17 26 26 27 29 31 32 34 36 38 41 44 47 48 54 57 58 59 60 62 64 64 65 69 73 74 75 76 3 14 15 29 54 151 148 170 125 65 179 62 74 59 127 58 92 73 134 167 132 110 122 94 136 94 36 97 147 27 196 31 172 38 14 76 118 64 7 175 96 26 145 17 134 98 60 26 80 94 77 78 186 166 75 48 92 69 95 102 34 128 
3 4 5 7 11 14 14 15 16 17 17 26 26 27 29 31 32 34 36 38 41 44 47 48 54 57 58 59 60 62 64 64 65 69 73 74 75 76 77 14 15 29 54 151 148 170 125 65 179 62 74 59 127 58 92 73 134 167 132 110 122 94 136 94 36 97 147 27 196 31 172 38 14 76 118 64 7 175 96 26 145 17 134 98 60 26 80 94 77 78 186 166 75 48 92 69 95 102 34 128 
3 4 5 7 11 14 14 15 16 17 17 26 26 27 29 31 32 34 36 38 41 44 47 48 54 57 58 59 60 62 64 64 65 69 73 74 75 76 77 78 15 29 54 151 148 170 125 65 179 62 74 59 127 58 92 73 134 167 132 110 122 94 136 94 36 97 147 27 196 31 172 38 14 76 118 64 7 175 96 26 145 17 134 98 60 26 80 94 77 78 186 166 75 48 92 69 95 102 34 128 
3 4 5 7 11 14 14 15 16 17 17 26 26 27 29 31 32 34 36 38 41 44 47 48 54 57 58 59 60 62 64 64 65 69 73 74 75 76 77 78 79 29 54 151 148 170 125 65 179 62 74 59 127 58 92 73 134 167 132 110 122 94 136 94 36 97 147 27 196 31 172 38 14 76 118 64 7 175 96 26 145 17 134 98 60 26 80 94 77 78 186 166 75 48 92 69 95 102 34 128 
3 4 5 7 11 14 14 15 16 17 17 26 26 27 29 31 32 34 36 38 41 44 47 48 54 57 58 59 60 62 64 64 65 69 73 74 75 76 77 78 79 80 54 151 148 170 125 65 179 62 74 59 127 58 92 73 134 167 132 110 122 94 136 94 36 97 147 27 196 31 172 38 14 76 118 64 7 175 96 26 145 17 134 98 60 26 80 94 77 78 186 166 75 48 92 69 95 102 34 128 
3 4 5 7 11 14 14 15 16 17 17 26 26 27 29 31 32 34 36 38 41 44 47 48 54 57 58 59 60 62 64 64 65 69 73 74 75 76 77 78 79 80 82 151 148 170 125 65 179 62 74 59 127 58 92 73 134 167 132 110 122 94 136 94 36 97 147 27 196 31 172 38 14 76 118 64 7 175 96 26 145 17 134 98 60 26 80 94 77 78 186 166 75 48 92 69 95 102 34 128 
3 4 5 7 11 14 14 15 16 17 17 26 26 27 29 31 32 34 36 38 41 44 47 48 54 57 58 59 60 62 64 64 65 69 73 74 75 76 77 78 79 80 82 84 148 170 125 65 179 62 74 59 127 58 92 73 134 167 132 110 122 94 136 94 36 97 147 27 196 31 172 38 14 76 118 64 7 175 96 26 145 17 134 98 60 26 80 94 77 78 186 166 75 48 92 69 95 102 34 128 
3 4 5 7 11 14 14 15 16 17 17 26 26 27 29 31 32 34 36 38 41 44 47 48 54 57 58 59 60 62 64 64 65 69 73 74 75 76 77 78 79 80 82 84 90 170 125 65 179 62 74 59 127 58 92 73 134 167 132 110 122 94 136 94 36 97 147 27 196 31 172 38 14 76 118 64 7 175 96 26 145 17 134 98 60 26 80 94 77 78 186 166 75 48 92 69 95 102 34 128 
3 4 5 7 11 14 14 15 16 17 17 26 26 27 29 31 32 34 36 38 41 44 47 48 54 57 58 59 60 62 64 64 65 69 73 74 75 76 77 78 79 80 82 84 90 92 125 65 179 62 74 59 127 58 92 73 134 167 132 110 122 94 136 94 36 97 147 27 196 31 172 38 14 76 118 64 7 175 96 26 145 17 134 98 60 26 80 94 77 78 186 166 75 48 92 69 95 102 34 128 
3 4 5 7 11 14 14 15 16 17 17 26 26 27 29 31 32 34 36 38 41 44 47 48 54 57 58 59 60 62 64 64 65 69 73 74 75 76 77 78 79 80 82 84 90 92 92 65 179 62 74 59 127 58 92 73 134 167 132 110 122 94 136 94 36 97 147 27 196 31 172 38 14 76 118 64 7 175 96 26 145 17 134 98 60 26 80 94 77 78 186 166 75 48 92 69 95 102 34 128 
3 4 5 7 11 14 14 15 16 17 17 26 26 27 29 31 32 34 36 38 41 44 47 48 54 57 58 59 60 62 64 64 65 69 73 74 75 76 77 78 79 80 82 84 90 92 92 94 179 62 74 59 127 58 92 73 134 167 132 110 122 94 136 94 36 97 147 27 196 31 172 38 14 76 118 64 7 175 96 26 145 17 134 98 60 26 80 94 77 78 186 166 75 48 92 69 95 102 34 128 
3 4 5 7 11 14 14 15 16 17 17 26 26 27 29 31 32 34 36 38 41 44 47 48 54 57 58 59 60 62 64 64 65 69 73 74 75 76 77 78 79 80 82 84 90 92 92 94 94 62 74 59 127 58 92 73 134 167 132 110 122 94 136 94 36 97 147 27 196 31 172 38 14 76 118 64 7 175 96 26 145 17 134 98 60 26 80 94 77 78 186 166 75 48 92 69 95 102 34 128 
3 4 5 7 11 14 14 15 16 17 17 26 26 27 29 31 32 34 36 38 41 44 47 48 54 57 58 59 60 62 64 64 65 69 73 74 75 76 77 78 79 80 82 84 90 92 92 94 94 94 74 59 127 58 92 73 134 167 132 110 122 94 136 94 36 97 147 27 196 31 172 38 14 76 118 64 7 175 96 26 145 17 134 98 60 26 80 94 77 78 186 166 75 48 92 69 95 102 34 128 
3 4 5 7 11 14 14 15 16 17 17 26 26 27 29 31 32 34 36 38 41 44 47 48 54 57 58 59 60 62 64 64 65 69 73 74 75 76 77 78 79 80 82 84 90 92 92 94 94 94 95 59 127 58 92 73 134 167 132 110 122 94 136 94 36 97 147 27 196 31 172 38 14 76 118 64 7 175 96 26 145 17 134 98 60 26 80 94 77 78 186 166 75 48 92 69 95 102 34 128 
3 4 5 7 11 14 14 15 16 17 17 26 26 27 29 31 32 34 36 38 41 44 47 48 54 57 58 59 60 62 64 64 65 69 73 74 75 76 77 78 79 80 82 84 90 92 92 94 94 94 95 96 127 58 92 73 134 167 132 110 122 94 136 94 36 97 147 27 196 31 172 38 14 76 118 64 7 175 96 26 145 17 134 98 60 26 80 94 77 78 186 166 75 48 92 69 95 102 34 128 
3 4 5 7 11 14 14 15 16 17 17 26 26 27 29 31 32 34 36 38 41 44 47 48 54 57 58 59 60 62 64 64 65 69 73 74 75 76 77 78 79 80 82 84 90 92 92 94 94 94 95 96 97 58 92 73 134 167 132 110 122 94 136 94 36 97 147 27 196 31 172 38 14 76 118 64 7 175 96 26 145 17 134 98 60 26 80 94 77 78 186 166 75 48 92 69 95 102 34 128 
3 4 5 7 11 14 14 15 16 17 17 26 26 27 29 31 32 34 36 38 41 44 47 48 54 57 58 59 60 62 64 64 65 69 73 74 75 76 77 78 79 80 82 84 90 92 92 94 94 94 95 96 97 98 92 73 134 167 132 110 122 94 136 94 36 97 147 27 196 31 172 38 14 76 118 64 7 175 96 26 145 17 134 98 60 26 80 94 77 78 186 166 75 48 92 69 95 102 34 128 
3 4 5 7 11 14 14 15 16 17 17 26 26 27 29 31 32 34 36 38 41 44 47 48 54 57 58 59 60 62 64 64 65 69 73 74 75 76 77 78 79 80 82 84 90 92 92 94 94 94 95 96 97 98 102 73 134 167 132 110 122 94 136 94 36 97 147 27 196 31 172 38 14 76 118 64 7 175 96 26 145 17 134 98 60 26 80 94 77 78 186 166 75 48 92 69 95 102 34 128 
3 4 5 7 11 14 14 15 16 17 17 26 26 27 29 31 32 34 36 38 41 44 47 48 54 57 58 59 60 62 64 64 65 69 73 74 75 76 77 78 79 80 82 84 90 92 92 94 94 94 95 96 97 98 102 104 134 167 132 110 122 94 136 94 36 97 147 27 196 31 172 38 14 76 118 64 7 175 96 26 145 17 134 98 60 26 80 94 77 78 186 166 75 48 92 69 95 102 34 128 
3 4 5 7 11 14 14 15 16 17 17 26 26 27 29 31 32 34 36 38 41 44 47 48 54 57 58 59 60 62 64 64 65 69 73 74 75 76 77 78 79 80 82 84 90 92 92 94 94 94 95 96 97 98 102 104 110 167 132 110 122 94 136 94 36 97 147 27 196 31 172 38 14 76 118 64 7 175 96 26 145 17 134 98 60 26 80 94 77 78 186 166 75 48 92 69 95 102 34 128 
3 4 5 7 11 14 14 15 16 17 17 26 26 27 29 31 32 34 36 38 41 44 47 48 54 57 58 59 60 62 64 64 65 69 73 74 75 76 77 78 79 80 82 84 90 92 92 94 94 94 95 96 97 98 102 104 110 116 132 110 122 94 136 94 36 97 147 27 196 31 172 38 14 76 118 64 7 175 96 26 145 17 134 98 60 26 80 94 77 78 186 166 75 48 92 69 95 102 34 128 
3 4 5 7 11 14 14 15 16 17 17 26 26 27 29 31 32 34 36 38 41 44 47 48 54 57 58 59 60 62 64 64 65 69 73 74 75 76 77 78 79 80 82 84 90 92 92 94 94 94 95 96 97 98 102 104 110 116 118 110 122 94 136 94 36 97 147 27 196 31 172 38 14 76 118 64 7 175 96 26 145 17 134 98 60 26 80 94 77 78 186 166 75 48 92 69 95 102 34 128 
3 4 5 7 11 14 14 15 16 17 17 26 26 27 29 31 32 34 36 38 41 44 47 48 54 57 58 59 60 62 64 64 65 69 73 74 75 76 77 78 79 80 82 84 90 92 92 94 94 94 95 96 97 98 102 104 110 116 118 120 122 94 136 94 36 97 147 27 196 31 172 38 14 76 118 64 7 175 96 26 145 17 134 98 60 26 80 94 77 78 186 166 75 48 92 69 95 102 34 128 
3 4 5 7 11 14 14 15 16 17 17 26 26 27 29 31 32 34 36 38 41 44 47 48 54 57 58 59 60 62 64 64 65 69 73 74 75 76 77 78 79 80 82 84 90 92 92 94 94 94 95 96 97 98 102 104 110 116 118 120 122 94 136 94 36 97 147 27 196 31 172 38 14 76 118 64 7 175 96 26 145 17 134 98 60 26 80 94 77 78 186 166 75 48 92 69 95 102 34 128 
3 4 5 7 11 14 14 15 16 17 17 26 26 27 29 31 32 34 36 38 41 44 47 48 54 57 58 59 60 62 64 64 65 69 73 74 75 76 77 78 79 80 82 84 90 92 92 94 94 94 95 96 97 98 102 104 110 116 118 120 122 122 136 94 36 97 147 27 196 31 172 38 14 76 118 64 7 175 96 26 145 17 134 98 60 26 80 94 77 78 186 166 75 48 92 69 95 102 34 128 
3 4 5 7 11 14 14 15 16 17 17 26 26 27 29 31 32 34 36 38 41 44 47 48 54 57 58 59 60 62 64 64 65 69 73 74 75 76 77 78 79 80 82 84 90 92 92 94 94 94 95 96 97 98 102 104 110 116 118 120 122 122 124 94 36 97 147 27 196 31 172 38 14 76 118 64 7 175 96 26 145 17 134 98 60 26 80 94 77 78 186 166 75 48 92 69 95 102 34 128 
3 4 5 7 11 14 14 15 16 17 17 26 26 27 29 31 32 34 36 38 41 44 47 48 54 57 58 59 60 62 64 64 65 69 73 74 75 76 77 78 79 80 82 84 90 92 92 94 94 94 95 96 97 98 102 104 110 116 118 120 122 122 124 125 36 97 147 27 196 31 172 38 14 76 118 64 7 175 96 26 145 17 134 98 60 26 80 94 77 78 186 166 75 48 92 69 95 102 34 128 
3 4 5 7 11 14 14 15 16 17 17 26 26 27 29 31 32 34 36 38 41 44 47 48 54 57 58 59 60 62 64 64 65 69 73 74 75 76 77 78 79 80 82 84 90 92 92 94 94 94 95 96 97 98 102 104 110 116 118 120 122 122 124 125 125 97 147 27 196 31 172 38 14 76 118 64 7 175 96 26 145 17 134 98 60 26 80 94 77 78 186 166 75 48 92 69 95 102 34 128 
3 4 5 7 11 14 14 15 16 17 17 26 26 27 29 31 32 34 36 38 41 44 47 48 54 57 58 59 60 62 64 64 65 69 73 74 75 76 77 78 79 80 82 84 90 92 92 94 94 94 95 96 97 98 102 104 110 116 118 120 122 122 124 125 125 127 147 27 196 31 172 38 14 76 118 64 7 175 96 26 145 17 134 98 60 26 80 94 77 78 186 166 75 48 92 69 95 102 34 128 
3 4 5 7 11 14 14 15 16 17 17 26 26 27 29 31 32 34 36 38 41 44 47 48 54 57 58 59 60 62 64 64 65 69 73 74 75 76 77 78 79 80 82 84 90 92 92 94 94 94 95 96 97 98 102 104 110 116 118 120 122 122 124 125 125 127 128 27 196 31 172 38 14 76 118 64 7 175 96 26 145 17 134 98 60 26 80 94 77 78 186 166 75 48 92 69 95 102 34 128 
3 4 5 7 11 14 14 15 16 17 17 26 26 27 29 31 32 34 36 38 41 44 47 48 54 57 58 59 60 62 64 64 65 69 73 74 75 76 77 78 79 80 82 84 90 92 92 94 94 94 95 96 97 98 102 104 110 116 118 120 122 122 124 125 125 127 128 128 196 31 172 38 14 76 118 64 7 175 96 26 145 17 134 98 60 26 80 94 77 78 186 166 75 48 92 69 95 102 34 128 
3 4 5 7 11 14 14 15 16 17 17 26 26 27 29 31 32 34 36 38 41 44 47 48 54 57 58 59 60 62 64 64 65 69 73 74 75 76 77 78 79 80 82 84 90 92 92 94 94 94 95 96 97 98 102 104 110 116 118 120 122 122 124 125 125 127 128 128 128 31 172 38 14 76 118 64 7 175 96 26 145 17 134 98 60 26 80 94 77 78 186 166 75 48 92 69 95 102 34 128 
3 4 5 7 11 14 14 15 16 17 17 26 26 27 29 31 32 34 36 38 41 44 47 48 54 57 58 59 60 62 64 64 65 69 73 74 75 76 77 78 79 80 82 84 90 92 92 94 94 94 95 96 97 98 102 104 110 116 118 120 122 122 124 125 125 127 128 128 128 130 172 38 14 76 118 64 7 175 96 26 145 17 134 98 60 26 80 94 77 78 186 166 75 48 92 69 95 102 34 128 
3 4 5 7 11 14 14 15 16 17 17 26 26 27 29 31 32 34 36 38 41 44 47 48 54 57 58 59 60 62 64 64 65 69 73 74 75 76 77 78 79 80 82 84 90 92 92 94 94 94 95 96 97 98 102 104 110 116 118 120 122 122 124 125 125 127 128 128 128 130 132 38 14 76 118 64 7 175 96 26 145 17 134 98 60 26 80 94 77 78 186 166 75 48 92 69 95 102 34 128 
3 4 5 7 11 14 14 15 16 17 17 26 26 27 29 31 32 34 36 38 41 44 47 48 54 57 58 59 60 62 64 64 65 69 73 74 75 76 77 78 79 80 82 84 90 92 92 94 94 94 95 96 97 98 102 104 110 116 118 120 122 122 124 125 125 127 128 128 128 130 132 134 14 76 118 64 7 175 96 26 145 17 134 98 60 26 80 94 77 78 186 166 75 48 92 69 95 102 34 128 
3 4 5 7 11 14 14 15 16 17 17 26 26 27 29 31 32 34 36 38 41 44 47 48 54 57 58 59 60 62 64 64 65 69 73 74 75 76 77 78 79 80 82 84 90 92 92 94 94 94 95 96 97 98 102 104 110 116 118 120 122 122 124 125 125 127 128 128 128 130 132 134 134 76 118 64 7 175 96 26 145 17 134 98 60 26 80 94 77 78 186 166 75 48 92 69 95 102 34 128 
3 4 5 7 11 14 14 15 16 17 17 26 26 27 29 31 32 34 36 38 41 44 47 48 54 57 58 59 60 62 64 64 65 69 73 74 75 76 77 78 79 80 82 84 90 92 92 94 94 94 95 96 97 98 102 104 110 116 118 120 122 122 124 125 125 127 128 128 128 130 132 134 134 136 118 64 7 175 96 26 145 17 134 98 60 26 80 94 77 78 186 166 75 48 92 69 95 102 34 128 
3 4 5 7 11 14 14 15 16 17 17 26 26 27 29 31 32 34 36 38 41 44 47 48 54 57 58 59 60 62 64 64 65 69 73 74 75 76 77 78 79 80 82 84 90 92 92 94 94 94 95 96 97 98 102 104 110 116 118 120 122 122 124 125 125 127 128 128 128 130 132 134 134 136 139 64 7 175 96 26 145 17 134 98 60 26 80 94 77 78 186 166 75 48 92 69 95 102 34 128 
3 4 5 7 11 14 14 15 16 17 17 26 26 27 29 31 32 34 36 38 41 44 47 48 54 57 58 59 60 62 64 64 65 69 73 74 75 76 77 78 79 80 82 84 90 92 92 94 94 94 95 96 97 98 102 104 110 116 118 120 122 122 124 125 125 127 128 128 128 130 132 134 134 136 139 144 7 175 96 26 145 17 134 98 60 26 80 94 77 78 186 166 75 48 92 69 95 102 34 128 
3 4 5 7 11 14 14 15 16 17 17 26 26 27 29 31 32 34 36 38 41 44 47 48 54 57 58 59 60 62 64 64 65 69 73 74 75 76 77 78 79 80 82 84 90 92 92 94 94 94 95 96 97 98 102 104 110 116 118 120 122 122 124 125 125 127 128 128 128 130 132 134 134 136 139 144 145 175 96 26 145 17 134 98 60 26 80 94 77 78 186 166 75 48 92 69 95 102 34 128 
3 4 5 7 11 14 14 15 16 17 17 26 26 27 29 31 32 34 36 38 41 44 47 48 54 57 58 59 60 62 64 64 65 69 73 74 75 76 77 78 79 80 82 84 90 92 92 94 94 94 95 96 97 98 102 104 110 116 118 120 122 122 124 125 125 127 128 128 128 130 132 134 134 136 139 144 145 146 96 26 145 17 134 98 60 26 80 94 77 78 186 166 75 48 92 69 95 102 34 128 
3 4 5 7 11 14 14 15 16 17 17 26 26 27 29 31 32 34 36 38 41 44 47 48 54 57 58 59 60 62 64 64 65 69 73 74 75 76 77 78 79 80 82 84 90 92 92 94 94 94 95 96 97 98 102 104 110 116 118 120 122 122 124 125 125 127 128 128 128 130 132 134 134 136 139 144 145 146 147 26 145 17 134 98 60 26 80 94 77 78 186 166 75 48 92 69 95 102 34 128 
3 4 5 7 11 14 14 15 16 17 17 26 26 27 29 31 32 34 36 38 41 44 47 48 54 57 58 59 60 62 64 64 65 69 73 74 75 76 77 78 79 80 82 84 90 92 92 94 94 94 95 96 97 98 102 104 110 116 118 120 122 122 124 125 125 127 128 128 128 130 132 134 134 136 139 144 145 146 147 147 145 17 134 98 60 26 80 94 77 78 186 166 75 48 92 69 95 102 34 128 
3 4 5 7 11 14 14 15 16 17 17 26 26 27 29 31 32 34 36 38 41 44 47 48 54 57 58 59 60 62 64 64 65 69 73 74 75 76 77 78 79 80 82 84 90 92 92 94 94 94 95 96 97 98 102 104 110 116 118 120 122 122 124 125 125 127 128 128 128 130 132 134 134 136 139 144 145 146 147 147 148 17 134 98 60 26 80 94 77 78 186 166 75 48 92 69 95 102 34 128 
3 4 5 7 11 14 14 15 16 17 17 26 26 27 29 31 32 34 36 38 41 44 47 48 54 57 58 59 60 62 64 64 65 69 73 74 75 76 77 78 79 80 82 84 90 92 92 94 94 94 95 96 97 98 102 104 110 116 118 120 122 122 124 125 125 127 128 128 128 130 132 134 134 136 139 144 145 146 147 147 148 151 134 98 60 26 80 94 77 78 186 166 75 48 92 69 95 102 34 128 
3 4 5 7 11 14 14 15 16 17 17 26 26 27 29 31 32 34 36 38 41 44 47 48 54 57 58 59 60 62 64 64 65 69 73 74 75 76 77 78 79 80 82 84 90 92 92 94 94 94 95 96 97 98 102 104 110 116 118 120 122 122 124 125 125 127 128 128 128 130 132 134 134 136 139 144 145 146 147 147 148 151 155 98 60 26 80 94 77 78 186 166 75 48 92 69 95 102 34 128 
3 4 5 7 11 14 14 15 16 17 17 26 26 27 29 31 32 34 36 38 41 44 47 48 54 57 58 59 60 62 64 64 65 69 73 74 75 76 77 78 79 80 82 84 90 92 92 94 94 94 95 96 97 98 102 104 110 116 118 120 122 122 124 125 125 127 128 128 128 130 132 134 134 136 139 144 145 146 147 147 148 151 155 156 60 26 80 94 77 78 186 166 75 48 92 69 95 102 34 128 
3 4 5 7 11 14 14 15 16 17 17 26 26 27 29 31 32 34 36 38 41 44 47 48 54 57 58 59 60 62 64 64 65 69 73 74 75 76 77 78 79 80 82 84 90 92 92 94 94 94 95 96 97 98 102 104 110 116 118 120 122 122 124 125 125 127 128 128 128 130 132 134 134 136 139 144 145 146 147 147 148 151 155 156 158 26 80 94 77 78 186 166 75 48 92 69 95 102 34 128 
3 4 5 7 11 14 14 15 16 17 17 26 26 27 29 31 32 34 36 38 41 44 47 48 54 57 58 59 60 62 64 64 65 69 73 74 75 76 77 78 79 80 82 84 90 92 92 94 94 94 95 96 97 98 102 104 110 116 118 120 122 122 124 125 125 127 128 128 128 130 132 134 134 136 139 144 145 146 147 147 148 151 155 156 158 163 80 94 77 78 186 166 75 48 92 69 95 102 34 128 
3 4 5 7 11 14 14 15 16 17 17 26 26 27 29 31 32 34 36 38 41 44 47 48 54 57 58 59 60 62 64 64 65 69 73 74 75 76 77 78 79 80 82 84 90 92 92 94 94 94 95 96 97 98 102 104 110 116 118 120 122 122 124 125 125 127 128 128 128 130 132 134 134 136 139 144 145 146 147 147 148 151 155 156 158 163 163 94 77 78 186 166 75 48 92 69 95 102 34 128 
3 4 5 7 11 14 14 15 16 17 17 26 26 27 29 31 32 34 36 38 41 44 47 48 54 57 58 59 60 62 64 64 65 69 73 74 75 76 77 78 79 80 82 84 90 92 92 94 94 94 95 96 97 98 102 104 110 116 118 120 122 122 124 125 125 127 128 128 128 130 132 134 134 136 139 144 145 146 147 147 148 151 155 156 158 163 163 166 77 78 186 166 75 48 92 69 95 102 34 128 
3 4 5 7 11 14 14 15 16 17 17 26 26 27 29 31 32 34 36 38 41 44 47 48 54 57 58 59 60 62 64 64 65 69 73 74 75 76 77 78 79 80 82 84 90 92 92 94 94 94 95 96 97 98 102 104 110 116 118 120 122 122 124 125 125 127 128 128 128 130 132 134 134 136 139 144 145 146 147 147 148 151 155 156 158 163 163 166 167 78 186 166 75 48 92 69 95 102 34 128 
3 4 5 7 11 14 14 15 16 17 17 26 26 27 29 31 32 34 36 38 41 44 47 48 54 57 58 59 60 62 64 64 65 69 73 74 75 76 77 78 79 80 82 84 90 92 92 94 94 94 95 96 97 98 102 104 110 116 118 120 122 122 124 125 125 127 128 128 128 130 132 134 134 136 139 144 145 146 147 147 148 151 155 156 158 163 163 166 167 169 186 166 75 48 92 69 95 102 34 128 
3 4 5 7 11 14 14 15 16 17 17 26 26 27 29 31 32 34 36 38 41 44 47 48 54 57 58 59 60 62 64 64 65 69 73 74 75 76 77 78 79 80 82 84 90 92 92 94 94 94 95 96 97 98 102 104 110 116 118 120 122 122 124 125 125 127 128 128 128 130 132 134 134 136 139 144 145 146 147 147 148 151 155 156 158 163 163 166 167 169 170 166 75 48 92 69 95 102 34 128 
3 4 5 7 11 14 14 15 16 17 17 26 26 27 29 31 32 34 36 38 41 44 47 48 54 57 58 59 60 62 64 64 65 69 73 74 75 76 77 78 79 80 82 84 90 92 92 94 94 94 95 96 97 98 102 104 110 116 118 120 122 122 124 125 125 127 128 128 128 130 132 134 134 136 139 144 145 146 147 147 148 151 155 156 158 163 163 166 167 169 170 172 75 48 92 69 95 102 34 128 
3 4 5 7 11 14 14 15 16 17 17 26 26 27 29 31 32 34 36 38 41 44 47 48 54 57 58 59 60 62 64 64 65 69 73 74 75 76 77 78 79 80 82 84 90 92 92 94 94 94 95 96 97 98 102 104 110 116 118 120 122 122 124 125 125 127 128 128 128 130 132 134 134 136 139 144 145 146 147 147 148 151 155 156 158 163 163 166 167 169 170 172 175 48 92 69 95 102 34 128 
3 4 5 7 11 14 14 15 16 17 17 26 26 27 29 31 32 34 36 38 41 44 47 48 54 57 58 59 60 62 64 64 65 69 73 74 75 76 77 78 79 80 82 84 90 92 92 94 94 94 95 96 97 98 102 104 110 116 118 120 122 122 124 125 125 127 128 128 128 130 132 134 134 136 139 144 145 146 147 147 148 151 155 156 158 163 163 166 167 169 170 172 175 179 92 69 95 102 34 128 
3 4 5 7 11 14 14 15 16 17 17 26 26 27 29 31 32 34 36 38 41 44 47 48 54 57 58 59 60 62 64 64 65 69 73 74 75 76 77 78 79 80 82 84 90 92 92 94 94 94 95 96 97 98 102 104 110 116 118 120 122 122 124 125 125 127 128 128 128 130 132 134 134 136 139 144 145 146 147 147 148 151 155 156 158 163 163 166 167 169 170 172 175 179 186 69 95 102 34 128 
3 4 5 7 11 14 14 15 16 17 17 26 26 27 29 31 32 34 36 38 41 44 47 48 54 57 58 59 60 62 64 64 65 69 73 74 75 76 77 78 79 80 82 84 90 92 92 94 94 94 95 96 97 98 102 104 110 116 118 120 122 122 124 125 125 127 128 128 128 130 132 134 134 136 139 144 145 146 147 147 148 151 155 156 158 163 163 166 167 169 170 172 175 179 186 188 95 102 34 128 
3 4 5 7 11 14 14 15 16 17 17 26 26 27 29 31 32 34 36 38 41 44 47 48 54 57 58 59 60 62 64 64 65 69 73 74 75 76 77 78 79 80 82 84 90 92 92 94 94 94 95 96 97 98 102 104 110 116 118 120 122 122 124 125 125 127 128 128 128 130 132 134 134 136 139 144 145 146 147 147 148 151 155 156 158 163 163 166 167 169 170 172 175 179 186 188 191 102 34 128 
3 4 5 7 11 14 14 15 16 17 17 26 26 27 29 31 32 34 36 38 41 44 47 48 54 57 58 59 60 62 64 64 65 69 73 74 75 76 77 78 79 80 82 84 90 92 92 94 94 94 95 96 97 98 102 104 110 116 118 120 122 122 124 125 125 127 128 128 128 130 132 134 134 136 139 144 145 146 147 147 148 151 155 156 158 163 163 166 167 169 170 172 175 179 186 188 191 192 34 128 
3 4 5 7 11 14 14 15 16 17 17 26 26 27 29 31 32 34 36 38 41 44 47 48 54 57 58 59 60 62 64 64 65 69 73 74 75 76 77 78 79 80 82 84 90 92 92 94 94 94 95 96 97 98 102 104 110 116 118 120 122 122 124 125 125 127 128 128 128 130 132 134 134 136 139 144 145 146 147 147 148 151 155 156 158 163 163 166 167 169 170 172 175 179 186 188 191 192 196 128 
3 4 5 7 11 14 14 15 16 17 17 26 26 27 29 31 32 34 36 38 41 44 47 48 54 57 58 59 60 62 64 64 65 69 73 74 75 76 77 78 79 80 82 84 90 92 92 94 94 94 95 96 97 98 102 104 110 116 118 120 122 122 124 125 125 127 128 128 128 130 132 134 134 136 139 144 145 146 147 147 148 151 155 156 158 163 163 166 167 169 170 172 175 179 186 188 191 192 196 198 
