84 188 17 155 57 122 116 90 128 146 124 163 32 120 5 79 128 104 158 4 130 41 125 44 156 47 191 16 163 147 139 82 192 198 144 169 64 11 3 14 15 29 54 151 148 170 125 65 179 62 74 59 127 58 92 73 134 167 132 110 122 94 136 94 36 97 147 27 196 31 172 38 14 76 118 64 7 175 96 26 145 17 134 98 60 26 80 94 77 78 186 166 75 48 92 69 95 102 34 128 
84 188 17 155 57 122 116 90 128 146 124 163 32 120 5 79 128 104 158 4 130 41 125 44 156 47 191 16 163 147 139 82 192 198 144 169 64 11 3 14 15 29 54 151 148 170 125 65 179 62 74 59 127 58 92 73 134 167 132 110 122 94 136 94 36 97 147 27 196 31 172 38 14 76 118 64 7 175 96 26 145 17 134 98 60 26 80 94 77 78 186 166 75 48 92 69 95 102 34 128 
17 84 188 155 57 122 116 90 128 146 124 163 32 120 5 79 128 104 158 4 130 41 125 44 156 47 191 16 163 147 139 82 192 198 144 169 64 11 3 14 15 29 54 151 148 170 125 65 179 62 74 59 127 58 92 73 134 167 132 110 122 94 136 94 36 97 147 27 196 31 172 38 14 76 118 64 7 175 96 26 145 17 134 98 60 26 80 94 77 78 186 166 75 48 92 69 95 102 34 128 
17 84 155 188 57 122 116 90 128 146 124 163 32 120 5 79 128 104 158 4 130 41 125 44 156 47 191 16 163 147 139 82 192 198 144 169 64 11 3 14 15 29 54 151 148 170 125 65 179 62 74 59 127 58 92 73 134 167 132 110 122 94 136 94 36 97 147 27 196 31 172 38 14 76 118 64 7 175 96 26 145 17 134 98 60 26 80 94 77 78 186 166 75 48 92 69 95 102 34 128 
17 57 84 155 188 122 116 90 128 146 124 163 32 120 5 79 128 104 158 4 130 41 125 44 156 47 191 16 163 147 139 82 192 198 144 169 64 11 3 14 15 29 54 151 148 170 125 65 179 62 74 59 127 58 92 73 134 167 132 110 122 94 136 94 36 97 147 27 196 31 172 38 14 76 118 64 7 175 96 26 145 17 134 98 60 26 80 94 77 78 186 166 75 48 92 69 95 102 34 128 
17 57 84 122 155 188 116 90 128 146 124 163 32 120 5 79 128 104 158 4 130 41 125 44 156 47 191 16 163 147 139 82 192 198 144 169 64 11 3 14 15 29 54 151 148 170 125 65 179 62 74 59 127 58 92 73 134 167 132 110 122 94 136 94 36 97 147 27 196 31 172 38 14 76 118 64 7 175 96 26 145 17 134 98 60 26 80 94 77 78 186 166 75 48 92 69 95 102 34 128 
17 57 84 116 122 155 188 90 128 146 124 163 32 120 5 79 128 104 158 4 130 41 125 44 156 47 191 16 163 147 139 82 192 198 144 169 64 11 3 14 15 29 54 151 148 170 125 65 179 62 74 59 127 58 92 73 134 167 132 110 122 94 136 94 36 97 147 27 196 31 172 38 14 76 118 64 7 175 96 26 145 17 134 98 60 26 80 94 77 78 186 166 75 48 92 69 95 102 34 128 
17 57 84 90 116 122 155 188 128 146 124 163 32 120 5 79 128 104 158 4 130 41 125 44 156 47 191 16 163 147 139 82 192 198 144 169 64 11 3 14 15 29 54 151 148 170 125 65 179 62 74 59 127 58 92 73 134 167 132 110 122 94 136 94 36 97 147 27 196 31 172 38 14 76 118 64 7 175 96 26 145 17 134 98 60 26 80 94 77 78 186 166 75 48 92 69 95 102 34 128 
17 57 84 90 116 122 128 155 188 146 124 163 32 120 5 79 128 104 158 4 130 41 125 44 156 47 191 16 163 147 139 82 192 198 144 169 64 11 3 14 15 29 54 151 148 170 125 65 179 62 74 59 127 58 92 73 134 167 132 110 122 94 136 94 36 97 147 27 196 31 172 38 14 76 118 64 7 175 96 26 145 17 134 98 60 26 80 94 77 78 186 166 75 48 92 69 95 102 34 128 
17 57 84 90 116 122 128 146 155 188 124 163 32 120 5 79 128 104 158 4 130 41 125 44 156 47 191 16 163 147 139 82 192 198 144 169 64 11 3 14 15 29 54 151 148 170 125 65 179 62 74 59 127 58 92 73 134 167 132 110 122 94 136 94 36 97 147 27 196 31 172 38 14 76 118 64 7 175 96 26 145 17 134 98 60 26 80 94 77 78 186 166 75 48 92 69 95 102 34 128 
17 57 84 90 116 122 124 128 146 155 188 163 32 120 5 79 128 104 158 4 130 41 125 44 156 47 191 16 163 147 139 82 192 198 144 169 64 11 3 14 15 29 54 151 148 170 125 65 179 62 74 59 127 58 92 73 134 167 132 110 122 94 136 94 36 97 147 27 196 31 172 38 14 76 118 64 7 175 96 26 145 17 134 98 60 26 80 94 77 78 186 166 75 48 92 69 95 102 34 128 
17 57 84 90 116 122 124 128 146 155 163 188 32 120 5 79 128 104 158 4 130 41 125 44 156 47 191 16 163 147 139 82 192 198 144 169 64 11 3 14 15 29 54 151 148 170 125 65 179 62 74 59 127 58 92 73 134 167 132 110 122 94 136 94 36 97 147 27 196 31 172 38 14 76 118 64 7 175 96 26 145 17 134 98 60 26 80 94 77 78 186 166 75 48 92 69 95 102 34 128 
17 32 57 84 90 116 122 124 128 146 155 163 188 120 5 79 128 104 158 4 130 41 125 44 156 47 191 16 163 147 139 82 192 198 144 169 64 11 3 14 15 29 54 151 148 170 125 65 179 62 74 59 127 58 92 73 134 167 132 110 122 94 136 94 36 97 147 27 196 31 172 38 14 76 118 64 7 175 96 26 145 17 134 98 60 26 80 94 77 78 186 166 75 48 92 69 95 102 34 128 
17 32 57 84 90 116 120 122 124 128 146 155 163 188 5 79 128 104 158 4 130 41 125 44 156 47 191 16 163 147 139 82 192 198 144 169 64 11 3 14 15 29 54 151 148 170 125 65 179 62 74 59 127 58 92 73 134 167 132 110 122 94 136 94 36 97 147 27 196 31 172 38 14 76 118 64 7 175 96 26 145 17 134 98 60 26 80 94 77 78 186 166 75 48 92 69 95 102 34 128 
5 17 32 57 84 90 116 120 122 124 128 146 155 163 188 79 128 104 158 4 130 41 125 44 156 47 191 16 163 147 139 82 192 198 144 169 64 11 3 14 15 29 54 151 148 170 125 65 179 62 74 59 127 58 92 73 134 167 132 110 122 94 136 94 36 97 147 27 196 31 172 38 14 76 118 64 7 175 96 26 145 17 134 98 60 26 80 94 77 78 186 166 75 48 92 69 95 102 34 128 
5 17 32 57 79 84 90 116 120 122 124 128 146 155 163 188 128 104 158 4 130 41 125 44 156 47 191 16 163 147 139 82 192 198 144 169 64 11 3 14 15 29 54 151 148 170 125 65 179 62 74 59 127 58 92 73 134 167 132 110 122 94 136 94 36 97 147 27 196 31 172 38 14 76 118 64 7 175 96 26 145 17 134 98 60 26 80 94 77 78 186 166 75 48 92 69 95 102 34 128 
5 17 32 57 79 84 90 116 120 122 124 128 128 146 155 163 188 104 158 4 130 41 125 44 156 47 191 16 163 147 139 82 192 198 144 169 64 11 3 14 15 29 54 151 148 170 125 65 179 62 74 59 127 58 92 73 134 167 132 110 122 94 136 94 36 97 147 27 196 31 172 38 14 76 118 64 7 175 96 26 145 17 134 98 60 26 80 94 77 78 186 166 75 48 92 69 95 102 34 128 
5 17 32 57 79 84 90 104 116 120 122 124 128 128 146 155 163 188 158 4 130 41 125 44 156 47 191 16 163 147 139 82 192 198 144 169 64 11 3 14 15 29 54 151 148 170 125 65 179 62 74 59 127 58 92 73 134 167 132 110 122 94 136 94 36 97 147 27 196 31 172 38 14 76 118 64 7 175 96 26 145 17 134 98 60 26 80 94 77 78 186 166 75 48 92 69 95 102 34 128 
5 17 32 57 79 84 90 104 116 120 122 124 128 128 146 155 158 163 188 4 130 41 125 44 156 47 191 16 163 147 139 82 192 198 144 169 64 11 3 14 15 29 54 151 148 170 125 65 179 62 74 59 127 58 92 73 134 167 132 110 122 94 136 94 36 97 147 27 196 31 172 38 14 76 118 64 7 175 96 26 145 17 134 98 60 26 80 94 77 78 186 166 75 48 92 69 95 102 34 128 
4 5 17 32 57 79 84 90 104 116 120 122 124 128 128 146 155 158 163 188 130 41 125 44 156 47 191 16 163 147 139 82 192 198 144 169 64 11 3 14 15 29 54 151 148 170 125 65 179 62 74 59 127 58 92 73 134 167 132 110 122 94 136 94 36 97 147 27 196 31 172 38 14 76 118 64 7 175 96 26 145 17 134 98 60 26 80 94 77 78 186 166 75 48 92 69 95 102 34 128 
4 5 17 32 57 79 84 90 104 116 120 122 124 128 128 130 146 155 158 163 188 41 125 44 156 47 191 16 163 147 139 82 192 198 144 169 64 11 3 14 15 29 54 151 148 170 125 65 179 62 74 59 127 58 92 73 134 167 132 110 122 94 136 94 36 97 147 27 196 31 172 38 14 76 118 64 7 175 96 26 145 17 134 98 60 26 80 94 77 78 186 166 75 48 92 69 95 102 34 128 
4 5 17 32 41 57 79 84 90 104 116 120 122 124 128 128 130 146 155 158 163 188 125 44 156 47 191 16 163 147 139 82 192 198 144 169 64 11 3 14 15 29 54 151 148 170 125 65 179 62 74 59 127 58 92 73 134 167 132 110 122 94 136 94 36 97 147 27 196 31 172 38 14 76 118 64 7 175 96 26 145 17 134 98 60 26 80 94 77 78 186 166 75 48 92 69 95 102 34 128 
4 5 17 32 41 57 79 84 90 104 116 120 122 124 125 128 128 130 146 155 158 163 188 44 156 47 191 16 163 147 139 82 192 198 144 169 64 11 3 14 15 29 54 151 148 170 125 65 179 62 74 59 127 58 92 73 134 167 132 110 122 94 136 94 36 97 147 27 196 31 172 38 14 76 118 64 7 175 96 26 145 17 134 98 60 26 80 94 77 78 186 166 75 48 92 69 95 102 34 128 
4 5 17 32 41 44 57 79 84 90 104 116 120 122 124 125 128 128 130 146 155 158 163 188 156 47 191 16 163 147 139 82 192 198 144 169 64 11 3 14 15 29 54 151 148 170 125 65 179 62 74 59 127 58 92 73 134 167 132 110 122 94 136 94 36 97 147 27 196 31 172 38 14 76 118 64 7 175 96 26 145 17 134 98 60 26 80 94 77 78 186 166 75 48 92 69 95 102 34 128 
4 5 17 32 41 44 57 79 84 90 104 116 120 122 124 125 128 128 130 146 155 156 158 163 188 47 191 16 163 147 139 82 192 198 144 169 64 11 3 14 15 29 54 151 148 170 125 65 179 62 74 59 127 58 92 73 134 167 132 110 122 94 136 94 36 97 147 27 196 31 172 38 14 76 118 64 7 175 96 26 145 17 134 98 60 26 80 94 77 78 186 166 75 48 92 69 95 102 34 128 
4 5 17 32 41 44 47 57 79 84 90 104 116 120 122 124 125 128 128 130 146 155 156 158 163 188 191 16 163 147 139 82 192 198 144 169 64 11 3 14 15 29 54 151 148 170 125 65 179 62 74 59 127 58 92 73 134 167 132 110 122 94 136 94 36 97 147 27 196 31 172 38 14 76 118 64 7 175 96 26 145 17 134 98 60 26 80 94 77 78 186 166 75 48 92 69 95 102 34 128 
4 5 17 32 41 44 47 57 79 84 90 104 116 120 122 124 125 128 128 130 146 155 156 158 163 188 191 16 163 147 139 82 192 198 144 169 64 11 3 14 15 29 54 151 148 170 125 65 179 62 74 59 127 58 92 73 134 167 132 110 122 94 136 94 36 97 147 27 196 31 172 38 14 76 118 64 7 175 96 26 145 17 134 98 60 26 80 94 77 78 186 166 75 48 92 69 95 102 34 128 
4 5 16 17 32 41 44 47 57 79 84 90 104 116 120 122 124 125 128 128 130 146 155 156 158 163 188 191 163 147 139 82 192 198 144 169 64 11 3 14 15 29 54 151 148 170 125 65 179 62 74 59 127 58 92 73 134 167 132 110 122 94 136 94 36 97 147 27 196 31 172 38 14 76 118 64 7 175 96 26 145 17 134 98 60 26 80 94 77 78 186 166 75 48 92 69 95 102 34 128 
4 5 16 17 32 41 44 47 57 79 84 90 104 116 120 122 124 125 128 128 130 146 155 156 158 163 163 188 191 147 139 82 192 198 144 169 64 11 3 14 15 29 54 151 148 170 125 65 179 62 74 59 127 58 92 73 134 167 132 110 122 94 136 94 36 97 147 27 196 31 172 38 14 76 118 64 7 175 96 26 145 17 134 98 60 26 80 94 77 78 186 166 75 48 92 69 95 102 34 128 
4 5 16 17 32 41 44 47 57 79 84 90 104 116 120 122 124 125 128 128 130 146 147 155 156 158 163 163 188 191 139 82 192 198 144 169 64 11 3 14 15 29 54 151 148 170 125 65 179 62 74 59 127 58 92 73 134 167 132 110 122 94 136 94 36 97 147 27 196 31 172 38 14 76 118 64 7 175 96 26 145 17 134 98 60 26 80 94 77 78 186 166 75 48 92 69 95 102 34 128 
4 5 16 17 32 41 44 47 57 79 84 90 104 116 120 122 124 125 128 128 130 139 146 147 155 156 158 163 163 188 191 82 192 198 144 169 64 11 3 14 15 29 54 151 148 170 125 65 179 62 74 59 127 58 92 73 134 167 132 110 122 94 136 94 36 97 147 27 196 31 172 38 14 76 118 64 7 175 96 26 145 17 134 98 60 26 80 94 77 78 186 166 75 48 92 69 95 102 34 128 
4 5 16 17 32 41 44 47 57 79 82 84 90 104 116 120 122 124 125 128 128 130 139 146 147 155 156 158 163 163 188 191 192 198 144 169 64 11 3 14 15 29 54 151 148 170 125 65 179 62 74 59 127 58 92 73 134 167 132 110 122 94 136 94 36 97 147 27 196 31 172 38 14 76 118 64 7 175 96 26 145 17 134 98 60 26 80 94 77 78 186 166 75 48 92 69 95 102 34 128 
4 5 16 17 32 41 44 47 57 79 82 84 90 104 116 120 122 124 125 128 128 130 139 146 147 155 156 158 163 163 188 191 192 198 144 169 64 11 3 14 15 29 54 151 148 170 125 65 179 62 74 59 127 58 92 73 134 167 132 110 122 94 136 94 36 97 147 27 196 31 172 38 14 76 118 64 7 175 96 26 145 17 134 98 60 26 80 94 77 78 186 166 75 48 92 69 95 102 34 128 
4 5 16 17 32 41 44 47 57 79 82 84 90 104 116 120 122 124 125 128 128 130 139 146 147 155 156 158 163 163 188 191 192 198 144 169 64 11 3 14 15 29 54 151 148 170 125 65 179 62 74 59 127 58 92 73 134 167 132 110 122 94 136 94 36 97 147 27 196 31 172 38 14 76 118 64 7 175 96 26 145 17 134 98 60 26 80 94 77 78 186 166 75 48 92 69 95 102 34 128 
4 5 16 17 32 41 44 47 57 79 82 84 90 104 116 120 122 124 125 128 128 130 139 144 146 147 155 156 158 163 163 188 191 192 198 169 64 11 3 14 15 29 54 151 148 170 125 65 179 62 74 59 127 58 92 73 134 167 132 110 122 94 136 94 36 97 147 27 196 31 172 38 14 76 118 64 7 175 96 26 145 17 134 98 60 26 80 94 77 78 186 166 75 48 92 69 95 102 34 128 
4 5 16 17 32 41 44 47 57 79 82 84 90 104 116 120 122 124 125 128 128 130 139 144 146 147 155 156 158 163 163 169 188 191 192 198 64 11 3 14 15 29 54 151 148 170 125 65 179 62 74 59 127 58 92 73 134 167 132 110 122 94 136 94 36 97 147 27 196 31 172 38 14 76 118 64 7 175 96 26 145 17 134 98 60 26 80 94 77 78 186 166 75 48 92 69 95 102 34 128 
4 5 16 17 32 41 44 47 57 64 79 82 84 90 104 116 120 122 124 125 128 128 130 139 144 146 147 155 156 158 163 163 169 188 191 192 198 11 3 14 15 29 54 151 148 170 125 65 179 62 74 59 127 58 92 73 134 167 132 110 122 94 136 94 36 97 147 27 196 31 172 38 14 76 118 64 7 175 96 26 145 17 134 98 60 26 80 94 77 78 186 166 75 48 92 69 95 102 34 128 
4 5 11 16 17 32 41 44 47 57 64 79 82 84 90 104 116 120 122 124 125 128 128 130 139 144 146 147 155 156 158 163 163 169 188 191 192 198 3 14 15 29 54 151 148 170 125 65 179 62 74 59 127 58 92 73 134 167 132 110 122 94 136 94 36 97 147 27 196 31 172 38 14 76 118 64 7 175 96 26 145 17 134 98 60 26 80 94 77 78 186 166 75 48 92 69 95 102 34 128 
3 4 5 11 16 17 32 41 44 47 57 64 79 82 84 90 104 116 120 122 124 125 128 128 130 139 144 146 147 155 156 158 163 163 169 188 191 192 198 14 15 29 54 151 148 170 125 65 179 62 74 59 127 58 92 73 134 167 132 110 122 94 136 94 36 97 147 27 196 31 172 38 14 76 118 64 7 175 96 26 145 17 134 98 60 26 80 94 77 78 186 166 75 48 92 69 95 102 34 128 
3 4 5 11 14 16 17 32 41 44 47 57 64 79 82 84 90 104 116 120 122 124 125 128 128 130 139 144 146 147 155 156 158 163 163 169 188 191 192 198 15 29 54 151 148 170 125 65 179 62 74 59 127 58 92 73 134 167 132 110 122 94 136 94 36 97 147 27 196 31 172 38 14 76 118 64 7 175 96 26 145 17 134 98 60 26 80 94 77 78 186 166 75 48 92 69 95 102 34 128 
3 4 5 11 14 15 16 17 32 41 44 47 57 64 79 82 84 90 104 116 120 122 124 125 128 128 130 139 144 146 147 155 156 158 163 163 169 188 191 192 198 29 54 151 148 170 125 65 179 62 74 59 127 58 92 73 134 167 132 110 122 94 136 94 36 97 147 27 196 31 172 38 14 76 118 64 7 175 96 26 145 17 134 98 60 26 80 94 77 78 186 166 75 48 92 69 95 102 34 128 
3 4 5 11 14 15 16 17 29 32 41 44 47 57 64 79 82 84 90 104 116 120 122 124 125 128 128 130 139 144 146 147 155 156 158 163 163 169 188 191 192 198 54 151 148 170 125 65 179 62 74 59 127 58 92 73 134 167 132 110 122 94 136 94 36 97 147 27 196 31 172 38 14 76 118 64 7 175 96 26 145 17 134 98 60 26 80 94 77 78 186 166 75 48 92 69 95 102 34 128 
3 4 5 11 14 15 16 17 29 32 41 44 47 54 57 64 79 82 84 90 104 116 120 122 124 125 128 128 130 139 144 146 147 155 156 158 163 163 169 188 191 192 198 151 148 170 125 65 179 62 74 59 127 58 92 73 134 167 132 110 122 94 136 94 36 97 147 27 196 31 172 38 14 76 118 64 7 175 96 26 145 17 134 98 60 26 80 94 77 78 186 166 75 48 92 69 95 102 34 128 
3 4 5 11 14 15 16 17 29 32 41 44 47 54 57 64 79 82 84 90 104 116 120 122 124 125 128 128 130 139 144 146 147 151 155 156 158 163 163 169 188 191 192 198 148 170 125 65 179 62 74 59 127 58 92 73 134 167 132 110 122 94 136 94 36 97 147 27 196 31 172 38 14 76 118 64 7 175 96 26 145 17 134 98 60 26 80 94 77 78 186 166 75 48 92 69 95 102 34 128 
3 4 5 11 14 15 16 17 29 32 41 44 47 54 57 64 79 82 84 90 104 116 120 122 124 125 128 128 130 139 144 146 147 148 151 155 156 158 163 163 169 188 191 192 198 170 125 65 179 62 74 59 127 58 92 73 134 167 132 110 122 94 136 94 36 97 147 27 196 31 172 38 14 76 118 64 7 175 96 26 145 17 134 98 60 26 80 94 77 78 186 166 75 48 92 69 95 102 34 128 
3 4 5 11 14 15 16 17 29 32 41 44 47 54 57 64 79 82 84 90 104 116 120 122 124 125 128 128 130 139 144 146 147 148 151 155 156 158 163 163 169 170 188 191 192 198 125 65 179 62 74 59 127 58 92 73 134 167 132 110 122 94 136 94 36 97 147 27 196 31 172 38 14 76 118 64 7 175 96 26 145 17 134 98 60 26 80 94 77 78 186 166 75 48 92 69 95 102 34 128 
3 4 5 11 14 15 16 17 29 32 41 44 47 54 57 64 79 82 84 90 104 116 120 122 124 125 125 128 128 130 139 144 146 147 148 151 155 156 158 163 163 169 170 188 191 192 198 65 179 62 74 59 127 58 92 73 134 167 132 110 122 94 136 94 36 97 147 27 196 31 172 38 14 76 118 64 7 175 96 26 145 17 134 98 60 26 80 94 77 78 186 166 75 48 92 69 95 102 34 128 
3 4 5 11 14 15 16 17 29 32 41 44 47 54 57 64 65 79 82 84 90 104 116 120 122 124 125 125 128 128 130 139 144 146 147 148 151 155 156 158 163 163 169 170 188 191 192 198 179 62 74 59 127 58 92 73 134 167 132 110 122 94 136 94 36 97 147 27 196 31 172 38 14 76 118 64 7 175 96 26 145 17 134 98 60 26 80 94 77 78 186 166 75 48 92 69 95 102 34 128 
3 4 5 11 14 15 16 17 29 32 41 44 47 54 57 64 65 79 82 84 90 104 116 120 122 124 125 125 128 128 130 139 144 146 147 148 151 155 156 158 163 163 169 170 179 188 191 192 198 62 74 59 127 58 92 73 134 167 132 110 122 94 136 94 36 97 147 27 196 31 172 38 14 76 118 64 7 175 96 26 145 17 134 98 60 26 80 94 77 78 186 166 75 48 92 69 95 102 34 128 
3 4 5 11 14 15 16 17 29 32 41 44 47 54 57 62 64 65 79 82 84 90 104 116 120 122 124 125 125 128 128 130 139 144 146 147 148 151 155 156 158 163 163 169 170 179 188 191 192 198 74 59 127 58 92 73 134 167 132 110 122 94 136 94 36 97 147 27 196 31 172 38 14 76 118 64 7 175 96 26 145 17 134 98 60 26 80 94 77 78 186 166 75 48 92 69 95 102 34 128 
3 4 5 11 14 15 16 17 29 32 41 44 47 54 57 62 64 65 74 79 82 84 90 104 116 120 122 124 125 125 128 128 130 139 144 146 147 148 151 155 156 158 163 163 169 170 179 188 191 192 198 59 127 58 92 73 134 167 132 110 122 94 136 94 36 97 147 27 196 31 172 38 14 76 118 64 7 175 96 26 145 17 134 98 60 26 80 94 77 78 186 166 75 48 92 69 95 102 34 128 
3 4 5 11 14 15 16 17 29 32 41 44 47 54 57 59 62 64 65 74 79 82 84 90 104 116 120 122 124 125 125 128 128 130 139 144 146 147 148 151 155 156 158 163 163 169 170 179 188 191 192 198 127 58 92 73 134 167 132 110 122 94 136 94 36 97 147 27 196 31 172 38 14 76 118 64 7 175 96 26 145 17 134 98 60 26 80 94 77 78 186 166 75 48 92 69 95 102 34 128 
3 4 5 11 14 15 16 17 29 32 41 44 47 54 57 59 62 64 65 74 79 82 84 90 104 116 120 122 124 125 125 127 128 128 130 139 144 146 147 148 151 155 156 158 163 163 169 170 179 188 191 192 198 58 92 73 134 167 132 110 122 94 136 94 36 97 147 27 196 31 172 38 14 76 118 64 7 175 96 26 145 17 134 98 60 26 80 94 77 78 186 166 75 48 92 69 95 102 34 128 
3 4 5 11 14 15 16 17 29 32 41 44 47 54 57 58 59 62 64 65 74 79 82 84 90 104 116 120 122 124 125 125 127 128 128 130 139 144 146 147 148 151 155 156 158 163 163 169 170 179 188 191 192 198 92 73 134 167 132 110 122 94 136 94 36 97 147 27 196 31 172 38 14 76 118 64 7 175 96 26 145 17 134 98 60 26 80 94 77 78 186 166 75 48 92 69 95 102 34 128 
3 4 5 11 14 15 16 17 29 32 41 44 47 54 57 58 59 62 64 65 74 79 82 84 90 92 104 116 120 122 124 125 125 127 128 128 130 139 144 146 147 148 151 155 156 158 163 163 169 170 179 188 191 192 198 73 134 167 132 110 122 94 136 94 36 97 147 27 196 31 172 38 14 76 118 64 7 175 96 26 145 17 134 98 60 26 80 94 77 78 186 166 75 48 92 69 95 102 34 128 
3 4 5 11 14 15 16 17 29 32 41 44 47 54 57 58 59 62 64 65 73 74 79 82 84 90 92 104 116 120 122 124 125 125 127 128 128 130 139 144 146 147 148 151 155 156 158 163 163 169 170 179 188 191 192 198 134 167 132 110 122 94 136 94 36 97 147 27 196 31 172 38 14 76 118 64 7 175 96 26 145 17 134 98 60 26 80 94 77 78 186 166 75 48 92 69 95 102 34 128 
3 4 5 11 14 15 16 17 29 32 41 44 47 54 57 58 59 62 64 65 73 74 79 82 84 90 92 104 116 120 122 124 125 125 127 128 128 130 134 139 144 146 147 148 151 155 156 158 163 163 169 170 179 188 191 192 198 167 132 110 122 94 136 94 36 97 147 27 196 31 172 38 14 76 118 64 7 175 96 26 145 17 134 98 60 26 80 94 77 78 186 166 75 48 92 69 95 102 34 128 
3 4 5 11 14 15 16 17 29 32 41 44 47 54 57 58 59 62 64 65 73 74 79 82 84 90 92 104 116 120 122 124 125 125 127 128 128 130 134 139 144 146 147 148 151 155 156 158 163 163 167 169 170 179 188 191 192 198 132 110 122 94 136 94 36 97 147 27 196 31 172 38 14 76 118 64 7 175 96 26 145 17 134 98 60 26 80 94 77 78 186 166 75 48 92 69 95 102 34 128 
3 4 5 11 14 15 16 17 29 32 41 44 47 54 57 58 59 62 64 65 73 74 79 82 84 90 92 104 116 120 122 124 125 125 127 128 128 130 132 134 139 144 146 147 148 151 155 156 158 163 163 167 169 170 179 188 191 192 198 110 122 94 136 94 36 97 147 27 196 31 172 38 14 76 118 64 7 175 96 26 145 17 134 98 60 26 80 94 77 78 186 166 75 48 92 69 95 102 34 128 
3 4 5 11 14 15 16 17 29 32 41 44 47 54 57 58 59 62 64 65 73 74 79 82 84 90 92 104 110 116 120 122 124 125 125 127 128 128 130 132 134 139 144 146 147 148 151 155 156 158 163 163 167 169 170 179 188 191 192 198 122 94 136 94 36 97 147 27 196 31 172 38 14 76 118 64 7 175 96 26 145 17 134 98 60 26 80 94 77 78 186 166 75 48 92 69 95 102 34 128 
3 4 5 11 14 15 16 17 29 32 41 44 47 54 57 58 59 62 64 65 73 74 79 82 84 90 92 104 110 116 120 122 122 124 125 125 127 128 128 130 132 134 139 144 146 147 148 151 155 156 158 163 163 167 169 170 179 188 191 192 198 94 136 94 36 97 147 27 196 31 172 38 14 76 118 64 7 175 96 26 145 17 134 98 60 26 80 94 77 78 186 166 75 48 92 69 95 102 34 128 
3 4 5 11 14 15 16 17 29 32 41 44 47 54 57 58 59 62 64 65 73 74 79 82 84 90 92 94 104 110 116 120 122 122 124 125 125 127 128 128 130 132 134 139 144 146 147 148 151 155 156 158 163 163 167 169 170 179 188 191 192 198 136 94 36 97 147 27 196 31 172 38 14 76 118 64 7 175 96 26 145 17 134 98 60 26 80 94 77 78 186 166 75 48 92 69 95 102 34 128 
3 4 5 11 14 15 16 17 29 32 41 44 47 54 57 58 59 62 64 65 73 74 79 82 84 90 92 94 104 110 116 120 122 122 124 125 125 127 128 128 130 132 134 136 139 144 146 147 148 151 155 156 158 163 163 167 169 170 179 188 191 192 198 94 36 97 147 27 196 31 172 38 14 76 118 64 7 175 96 26 145 17 134 98 60 26 80 94 77 78 186 166 75 48 92 69 95 102 34 128 
3 4 5 11 14 15 16 17 29 32 41 44 47 54 57 58 59 62 64 65 73 74 79 82 84 90 92 94 94 104 110 116 120 122 122 124 125 125 127 128 128 130 132 134 136 139 144 146 147 148 151 155 156 158 163 163 167 169 170 179 188 191 192 198 36 97 147 27 196 31 172 38 14 76 118 64 7 175 96 26 145 17 134 98 60 26 80 94 77 78 186 166 75 48 92 69 95 102 34 128 
3 4 5 11 14 15 16 17 29 32 36 41 44 47 54 57 58 59 62 64 65 73 74 79 82 84 90 92 94 94 104 110 116 120 122 122 124 125 125 127 128 128 130 132 134 136 139 144 146 147 148 151 155 156 158 163 163 167 169 170 179 188 191 192 198 97 147 27 196 31 172 38 14 76 118 64 7 175 96 26 145 17 134 98 60 26 80 94 77 78 186 166 75 48 92 69 95 102 34 128 
3 4 5 11 14 15 16 17 29 32 36 41 44 47 54 57 58 59 62 64 65 73 74 79 82 84 90 92 94 94 97 104 110 116 120 122 122 124 125 125 127 128 128 130 132 134 136 139 144 146 147 148 151 155 156 158 163 163 167 169 170 179 188 191 192 198 147 27 196 31 172 38 14 76 118 64 7 175 96 26 145 17 134 98 60 26 80 94 77 78 186 166 75 48 92 69 95 102 34 128 
3 4 5 11 14 15 16 17 29 32 36 41 44 47 54 57 58 59 62 64 65 73 74 79 82 84 90 92 94 94 97 104 110 116 120 122 122 124 125 125 127 128 128 130 132 134 136 139 144 146 147 147 148 151 155 156 158 163 163 167 169 170 179 188 191 192 198 27 196 31 172 38 14 76 118 64 7 175 96 26 145 17 134 98 60 26 80 94 77 78 186 166 75 48 92 69 95 102 34 128 
3 4 5 11 14 15 16 17 27 29 32 36 41 44 47 54 57 58 59 62 64 65 73 74 79 82 84 90 92 94 94 97 104 110 116 120 122 122 124 125 125 127 128 128 130 132 134 136 139 144 146 147 147 148 151 155 156 158 163 163 167 169 170 179 188 191 192 198 196 31 172 38 14 76 118 64 7 175 96 26 145 17 134 98 60 26 80 94 77 78 186 166 75 48 92 69 95 102 34 128 
3 4 5 11 14 15 16 17 27 29 32 36 41 44 47 54 57 58 59 62 64 65 73 74 79 82 84 90 92 94 94 97 104 110 116 120 122 122 124 125 125 127 128 128 130 132 134 136 139 144 146 147 147 148 151 155 156 158 163 163 167 169 170 179 188 191 192 196 198 31 172 38 14 76 118 64 7 175 96 26 145 17 134 98 60 26 80 94 77 78 186 166 75 48 92 69 95 102 34 128 
3 4 5 11 14 15 16 17 27 29 31 32 36 41 44 47 54 57 58 59 62 64 65 73 74 79 82 84 90 92 94 94 97 104 110 116 120 122 122 124 125 125 127 128 128 130 132 134 136 139 144 146 147 147 148 151 155 156 158 163 163 167 169 170 179 188 191 192 196 198 172 38 14 76 118 64 7 175 96 26 145 17 134 98 60 26 80 94 77 78 186 166 75 48 92 69 95 102 34 128 
3 4 5 11 14 15 16 17 27 29 31 32 36 41 44 47 54 57 58 59 62 64 65 73 74 79 82 84 90 92 94 94 97 104 110 116 120 122 122 124 125 125 127 128 128 130 132 134 136 139 144 146 147 147 148 151 155 156 158 163 163 167 169 170 172 179 188 191 192 196 198 38 14 76 118 64 7 175 96 26 145 17 134 98 60 26 80 94 77 78 186 166 75 48 92 69 95 102 34 128 
3 4 5 11 14 15 16 17 27 29 31 32 36 38 41 44 47 54 57 58 59 62 64 65 73 74 79 82 84 90 92 94 94 97 104 110 116 120 122 122 124 125 125 127 128 128 130 132 134 136 139 144 146 147 147 148 151 155 156 158 163 163 167 169 170 172 179 188 191 192 196 198 14 76 118 64 7 175 96 26 145 17 134 98 60 26 80 94 77 78 186 166 75 48 92 69 95 102 34 128 
3 4 5 11 14 14 15 16 17 27 29 31 32 36 38 41 44 47 54 57 58 59 62 64 65 73 74 79 82 84 90 92 94 94 97 104 110 116 120 122 122 124 125 125 127 128 128 130 132 134 136 139 144 146 147 147 148 151 155 156 158 163 163 167 169 170 172 179 188 191 192 196 198 76 118 64 7 175 96 26 145 17 134 98 60 26 80 94 77 78 186 166 75 48 92 69 95 102 34 128 
3 4 5 11 14 14 15 16 17 27 29 31 32 36 38 41 44 47 54 57 58 59 62 64 65 73 74 76 79 82 84 90 92 94 94 97 104 110 116 120 122 122 124 125 125 127 128 128 130 132 134 136 139 144 146 147 147 148 151 155 156 158 163 163 167 169 170 172 179 188 191 192 196 198 118 64 7 175 96 26 145 17 134 98 60 26 80 94 77 78 186 166 75 48 92 69 95 102 34 128 
3 4 5 11 14 14 15 16 17 27 29 31 32 36 38 41 44 47 54 57 58 59 62 64 65 73 74 76 79 82 84 90 92 94 94 97 104 110 116 118 120 122 122 124 125 125 127 128 128 130 132 134 136 139 144 146 147 147 148 151 155 156 158 163 163 167 169 170 172 179 188 191 192 196 198 64 7 175 96 26 145 17 134 98 60 26 80 94 77 78 186 166 75 48 92 69 95 102 34 128 
3 4 5 11 14 14 15 16 17 27 29 31 32 36 38 41 44 47 54 57 58 59 62 64 64 65 73 74 76 79 82 84 90 92 94 94 97 104 110 116 118 120 122 122 124 125 125 127 128 128 130 132 134 136 139 144 146 147 147 148 151 155 156 158 163 163 167 169 170 172 179 188 191 192 196 198 7 175 96 26 145 17 134 98 60 26 80 94 77 78 186 166 75 48 92 69 95 102 34 128 
3 4 5 7 11 14 14 15 16 17 27 29 31 32 36 38 41 44 47 54 57 58 59 62 64 64 65 73 74 76 79 82 84 90 92 94 94 97 104 110 116 118 120 122 122 124 125 125 127 128 128 130 132 134 136 139 144 146 147 147 148 151 155 156 158 163 163 167 169 170 172 179 188 191 192 196 198 175 96 26 145 17 134 98 60 26 80 94 77 78 186 166 75 48 92 69 95 102 34 128 
3 4 5 7 11 14 14 15 16 17 27 29 31 32 36 38 41 44 47 54 57 58 59 62 64 64 65 73 74 76 79 82 84 90 92 94 94 97 104 110 116 118 120 122 122 124 125 125 127 128 128 130 132 134 136 139 144 146 147 147 148 151 155 156 158 163 163 167 169 170 172 175 179 188 191 192 196 198 96 26 145 17 134 98 60 26 80 94 77 78 186 166 75 48 92 69 95 102 34 128 
3 4 5 7 11 14 14 15 16 17 27 29 31 32 36 38 41 44 47 54 57 58 59 62 64 64 65 73 74 76 79 82 84 90 92 94 94 96 97 104 110 116 118 120 122 122 124 125 125 127 128 128 130 132 134 136 139 144 146 147 147 148 151 155 156 158 163 163 167 169 170 172 175 179 188 191 192 196 198 26 145 17 134 98 60 26 80 94 77 78 186 166 75 48 92 69 95 102 34 128 
3 4 5 7 11 14 14 15 16 17 26 27 29 31 32 36 38 41 44 47 54 57 58 59 62 64 64 65 73 74 76 79 82 84 90 92 94 94 96 97 104 110 116 118 120 122 122 124 125 125 127 128 128 130 132 134 136 139 144 146 147 147 148 151 155 156 158 163 163 167 169 170 172 175 179 188 191 192 196 198 145 17 134 98 60 26 80 94 77 78 186 166 75 48 92 69 95 102 34 128 
3 4 5 7 11 14 14 15 16 17 26 27 29 31 32 36 38 41 44 47 54 57 58 59 62 64 64 65 73 74 76 79 82 84 90 92 94 94 96 97 104 110 116 118 120 122 122 124 125 125 127 128 128 130 132 134 136 139 144 145 146 147 147 148 151 155 156 158 163 163 167 169 170 172 175 179 188 191 192 196 198 17 134 98 60 26 80 94 77 78 186 166 75 48 92 69 95 102 34 128 
3 4 5 7 11 14 14 15 16 17 17 26 27 29 31 32 36 38 41 44 47 54 57 58 59 62 64 64 65 73 74 76 79 82 84 90 92 94 94 96 97 104 110 116 118 120 122 122 124 125 125 127 128 128 130 132 134 136 139 144 145 146 147 147 148 151 155 156 158 163 163 167 169 170 172 175 179 188 191 192 196 198 134 98 60 26 80 94 77 78 186 166 75 48 92 69 95 102 34 128 
3 4 5 7 11 14 14 15 16 17 17 26 27 29 31 32 36 38 41 44 47 54 57 58 59 62 64 64 65 73 74 76 79 82 84 90 92 94 94 96 97 104 110 116 118 120 122 122 124 125 125 127 128 128 130 132 134 134 136 139 144 145 146 147 147 148 151 155 156 158 163 163 167 169 170 172 175 179 188 191 192 196 198 98 60 26 80 94 77 78 186 166 75 48 92 69 95 102 34 128 
3 4 5 7 11 14 14 15 16 17 17 26 27 29 31 32 36 38 41 44 47 54 57 58 59 62 64 64 65 73 74 76 79 82 84 90 92 94 94 96 97 98 104 110 116 118 120 122 122 124 125 125 127 128 128 130 132 134 134 136 139 144 145 146 147 147 148 151 155 156 158 163 163 167 169 170 172 175 179 188 191 192 196 198 60 26 80 94 77 78 186 166 75 48 92 69 95 102 34 128 
3 4 5 7 11 14 14 15 16 17 17 26 27 29 31 32 36 38 41 44 47 54 57 58 59 60 62 64 64 65 73 74 76 79 82 84 90 92 94 94 96 97 98 104 110 116 118 120 122 122 124 125 125 127 128 128 130 132 134 134 136 139 144 145 146 147 147 148 151 155 156 158 163 163 167 169 170 172 175 179 188 191 192 196 198 26 80 94 77 78 186 166 75 48 92 69 95 102 34 128 
3 4 5 7 11 14 14 15 16 17 17 26 26 27 29 31 32 36 38 41 44 47 54 57 58 59 60 62 64 64 65 73 74 76 79 82 84 90 92 94 94 96 97 98 104 110 116 118 120 122 122 124 125 125 127 128 128 130 132 134 134 136 139 144 145 146 147 147 148 151 155 156 158 163 163 167 169 170 172 175 179 188 191 192 196 198 80 94 77 78 186 166 75 48 92 69 95 102 34 128 
3 4 5 7 11 14 14 15 16 17 17 26 26 27 29 31 32 36 38 41 44 47 54 57 58 59 60 62 64 64 65 73 74 76 79 80 82 84 90 92 94 94 96 97 98 104 110 116 118 120 122 122 124 125 125 127 128 128 130 132 134 134 136 139 144 145 146 147 147 148 151 155 156 158 163 163 167 169 170 172 175 179 188 191 192 196 198 94 77 78 186 166 75 48 92 69 95 102 34 128 
3 4 5 7 11 14 14 15 16 17 17 26 26 27 29 31 32 36 38 41 44 47 54 57 58 59 60 62 64 64 65 73 74 76 79 80 82 84 90 92 94 94 94 96 97 98 104 110 116 118 120 122 122 124 125 125 127 128 128 130 132 134 134 136 139 144 145 146 147 147 148 151 155 156 158 163 163 167 169 170 172 175 179 188 191 192 196 198 77 78 186 166 75 48 92 69 95 102 34 128 
3 4 5 7 11 14 14 15 16 17 17 26 26 27 29 31 32 36 38 41 44 47 54 57 58 59 60 62 64 64 65 73 74 76 77 79 80 82 84 90 92 94 94 94 96 97 98 104 110 116 118 120 122 122 124 125 125 127 128 128 130 132 134 134 136 139 144 145 146 147 147 148 151 155 156 158 163 163 167 169 170 172 175 179 188 191 192 196 198 78 186 166 75 48 92 69 95 102 34 128 
3 4 5 7 11 14 14 15 16 17 17 26 26 27 29 31 32 36 38 41 44 47 54 57 58 59 60 62 64 64 65 73 74 76 77 78 79 80 82 84 90 92 94 94 94 96 97 98 104 110 116 118 120 122 122 124 125 125 127 128 128 130 132 134 134 136 139 144 145 146 147 147 148 151 155 156 158 163 163 167 169 170 172 175 179 188 191 192 196 198 186 166 75 48 92 69 95 102 34 128 
3 4 5 7 11 14 14 15 16 17 17 26 26 27 29 31 32 36 38 41 44 47 54 57 58 59 60 62 64 64 65 73 74 76 77 78 79 80 82 84 90 92 94 94 94 96 97 98 104 110 116 118 120 122 122 124 125 125 127 128 128 130 132 134 134 136 139 144 145 146 147 147 148 151 155 156 158 163 163 167 169 170 172 175 179 186 188 191 192 196 198 166 75 48 92 69 95 102 34 128 
3 4 5 7 11 14 14 15 16 17 17 26 26 27 29 31 32 36 38 41 44 47 54 57 58 59 60 62 64 64 65 73 74 76 77 78 79 80 82 84 90 92 94 94 94 96 97 98 104 110 116 118 120 122 122 124 125 125 127 128 128 130 132 134 134 136 139 144 145 146 147 147 148 151 155 156 158 163 163 166 167 169 170 172 175 179 186 188 191 192 196 198 75 48 92 69 95 102 34 128 
3 4 5 7 11 14 14 15 16 17 17 26 26 27 29 31 32 36 38 41 44 47 54 57 58 59 60 62 64 64 65 73 74 75 76 77 78 79 80 82 84 90 92 94 94 94 96 97 98 104 110 116 118 120 122 122 124 125 125 127 128 128 130 132 134 134 136 139 144 145 146 147 147 148 151 155 156 158 163 163 166 167 169 170 172 175 179 186 188 191 192 196 198 48 92 69 95 102 34 128 
3 4 5 7 11 14 14 15 16 17 17 26 26 27 29 31 32 36 38 41 44 47 48 54 57 58 59 60 62 64 64 65 73 74 75 76 77 78 79 80 82 84 90 92 94 94 94 96 97 98 104 110 116 118 120 122 122 124 125 125 127 128 128 130 132 134 134 136 139 144 145 146 147 147 148 151 155 156 158 163 163 166 167 169 170 172 175 179 186 188 191 192 196 198 92 69 95 102 34 128 
3 4 5 7 11 14 14 15 16 17 17 26 26 27 29 31 32 36 38 41 44 47 48 54 57 58 59 60 62 64 64 65 73 74 75 76 77 78 79 80 82 84 90 92 92 94 94 94 96 97 98 104 110 116 118 120 122 122 124 125 125 127 128 128 130 132 134 134 136 139 144 145 146 147 147 148 151 155 156 158 163 163 166 167 169 170 172 175 179 186 188 191 192 196 198 69 95 102 34 128 
3 4 5 7 11 14 14 15 16 17 17 26 26 27 29 31 32 36 38 41 44 47 48 54 57 58 59 60 62 64 64 65 69 73 74 75 76 77 78 79 80 82 84 90 92 92 94 94 94 96 97 98 104 110 116 118 120 122 122 124 125 125 127 128 128 130 132 134 134 136 139 144 145 146 147 147 148 151 155 156 158 163 163 166 167 169 170 172 175 179 186 188 191 192 196 198 95 102 34 128 
3 4 5 7 11 14 14 15 16 17 17 26 26 27 29 31 32 36 38 41 44 47 48 54 57 58 59 60 62 64 64 65 69 73 74 75 76 77 78 79 80 82 84 90 92 92 94 94 94 95 96 97 98 104 110 116 118 120 122 122 124 125 125 127 128 128 130 132 134 134 136 139 144 145 146 147 147 148 151 155 156 158 163 163 166 167 169 170 172 175 179 186 188 191 192 196 198 102 34 128 
3 4 5 7 11 14 14 15 16 17 17 26 26 27 29 31 32 36 38 41 44 47 48 54 57 58 59 60 62 64 64 65 69 73 74 75 76 77 78 79 80 82 84 90 92 92 94 94 94 95 96 97 98 102 104 110 116 118 120 122 122 124 125 125 127 128 128 130 132 134 134 136 139 144 145 146 147 147 148 151 155 156 158 163 163 166 167 169 170 172 175 179 186 188 191 192 196 198 34 128 
3 4 5 7 11 14 14 15 16 17 17 26 26 27 29 31 32 34 36 38 41 44 47 48 54 57 58 59 60 62 64 64 65 69 73 74 75 76 77 78 79 80 82 84 90 92 92 94 94 94 95 96 97 98 102 104 110 116 118 120 122 122 124 125 125 127 128 128 130 132 134 134 136 139 144 145 146 147 147 148 151 155 156 158 163 163 166 167 169 170 172 175 179 186 188 191 192 196 198 128 
3 4 5 7 11 14 14 15 16 17 17 26 26 27 29 31 32 34 36 38 41 44 47 48 54 57 58 59 60 62 64 64 65 69 73 74 75 76 77 78 79 80 82 84 90 92 92 94 94 94 95 96 97 98 102 104 110 116 118 120 122 122 124 125 125 127 128 128 128 130 132 134 134 136 139 144 145 146 147 147 148 151 155 156 158 163 163 166 167 169 170 172 175 179 186 188 191 192 196 198 
