84 188 17 155 57 122 116 90 128 146 124 163 32 120 5 79 128 104 158 4 130 41 125 44 156 47 191 16 163 147 139 82 192 198 144 169 64 11 3 14 15 29 54 151 148 170 125 65 179 62 74 59 127 58 92 73 134 167 132 110 122 94 136 94 36 97 147 27 196 31 172 38 14 76 118 64 7 175 96 26 145 17 134 98 60 26 80 94 77 78 186 166 75 48 92 69 95 102 34 128 
84 188 17 155 57 122 116 90 128 146 124 163 32 120 5 79 128 104 158 4 130 41 125 44 156 47 191 16 163 147 139 82 192 198 144 169 64 11 3 14 15 29 54 151 148 170 125 65 179 62 74 59 127 58 92 73 134 167 132 110 122 94 136 94 36 97 147 27 196 31 172 38 14 76 118 64 7 175 96 26 145 17 134 98 60 26 80 94 77 78 186 166 75 48 92 69 95 102 34 128 
84 188 17 155 57 122 116 90 128 146 124 163 32 120 5 79 128 104 158 4 130 41 125 44 156 47 191 16 163 147 139 82 192 198 144 169 64 11 3 14 15 29 54 151 148 170 125 65 179 62 74 59 127 58 92 73 134 167 132 110 122 94 136 94 36 97 147 27 196 31 172 38 14 76 118 64 7 175 96 26 145 17 134 98 60 26 80 94 77 78 186 166 75 48 92 69 95 102 34 128 
17 84 155 188 57 122 116 90 128 146 124 163 32 120 5 79 128 104 158 4 130 41 125 44 156 47 191 16 163 147 139 82 192 198 144 169 64 11 3 14 15 29 54 151 148 170 125 65 179 62 74 59 127 58 92 73 134 167 132 110 122 94 136 94 36 97 147 27 196 31 172 38 14 76 118 64 7 175 96 26 145 17 134 98 60 26 80 94 77 78 186 166 75 48 92 69 95 102 34 128 
17 84 155 188 57 122 116 90 128 146 124 163 32 120 5 79 128 104 158 4 130 41 125 44 156 47 191 16 163 147 139 82 192 198 144 169 64 11 3 14 15 29 54 151 148 170 125 65 179 62 74 59 127 58 92 73 134 167 132 110 122 94 136 94 36 97 147 27 196 31 172 38 14 76 118 64 7 175 96 26 145 17 134 98 60 26 80 94 77 78 186 166 75 48 92 69 95 102 34 128 
17 84 155 188 57 116 122 90 128 146 124 163 32 120 5 79 128 104 158 4 130 41 125 44 156 47 191 16 163 147 139 82 192 198 144 169 64 11 3 14 15 29 54 151 148 170 125 65 179 62 74 59 127 58 92 73 134 167 132 110 122 94 136 94 36 97 147 27 196 31 172 38 14 76 118 64 7 175 96 26 145 17 134 98 60 26 80 94 77 78 186 166 75 48 92 69 95 102 34 128 
17 57 84 116 122 155 188 90 128 146 124 163 32 120 5 79 128 104 158 4 130 41 125 44 156 47 191 16 163 147 139 82 192 198 144 169 64 11 3 14 15 29 54 151 148 170 125 65 179 62 74 59 127 58 92 73 134 167 132 110 122 94 136 94 36 97 147 27 196 31 172 38 14 76 118 64 7 175 96 26 145 17 134 98 60 26 80 94 77 78 186 166 75 48 92 69 95 102 34 128 
17 57 84 116 122 155 188 90 128 146 124 163 32 120 5 79 128 104 158 4 130 41 125 44 156 47 191 16 163 147 139 82 192 198 144 169 64 11 3 14 15 29 54 151 148 170 125 65 179 62 74 59 127 58 92 73 134 167 132 110 122 94 136 94 36 97 147 27 196 31 172 38 14 76 118 64 7 175 96 26 145 17 134 98 60 26 80 94 77 78 186 166 75 48 92 69 95 102 34 128 
17 57 84 116 122 155 188 90 128 146 124 163 32 120 5 79 128 104 158 4 130 41 125 44 156 47 191 16 163 147 139 82 192 198 144 169 64 11 3 14 15 29 54 151 148 170 125 65 179 62 74 59 127 58 92 73 134 167 132 110 122 94 136 94 36 97 147 27 196 31 172 38 14 76 118 64 7 175 96 26 145 17 134 98 60 26 80 94 77 78 186 166 75 48 92 69 95 102 34 128 
17 57 84 116 122 155 188 90 128 146 124 163 32 120 5 79 128 104 158 4 130 41 125 44 156 47 191 16 163 147 139 82 192 198 144 169 64 11 3 14 15 29 54 151 148 170 125 65 179 62 74 59 127 58 92 73 134 167 132 110 122 94 136 94 36 97 147 27 196 31 172 38 14 76 118 64 7 175 96 26 145 17 134 98 60 26 80 94 77 78 186 166 75 48 92 69 95 102 34 128 
17 57 84 116 122 155 188 90 128 146 32 124 163 120 5 79 128 104 158 4 130 41 125 44 156 47 191 16 163 147 139 82 192 198 144 169 64 11 3 14 15 29 54 151 148 170 125 65 179 62 74 59 127 58 92 73 134 167 132 110 122 94 136 94 36 97 147 27 196 31 172 38 14 76 118 64 7 175 96 26 145 17 134 98 60 26 80 94 77 78 186 166 75 48 92 69 95 102 34 128 
17 57 84 116 122 155 188 32 90 124 128 146 163 120 5 79 128 104 158 4 130 41 125 44 156 47 191 16 163 147 139 82 192 198 144 169 64 11 3 14 15 29 54 151 148 170 125 65 179 62 74 59 127 58 92 73 134 167 132 110 122 94 136 94 36 97 147 27 196 31 172 38 14 76 118 64 7 175 96 26 145 17 134 98 60 26 80 94 77 78 186 166 75 48 92 69 95 102 34 128 
17 32 57 84 90 116 122 124 128 146 155 163 188 120 5 79 128 104 158 4 130 41 125 44 156 47 191 16 163 147 139 82 192 198 144 169 64 11 3 14 15 29 54 151 148 170 125 65 179 62 74 59 127 58 92 73 134 167 132 110 122 94 136 94 36 97 147 27 196 31 172 38 14 76 118 64 7 175 96 26 145 17 134 98 60 26 80 94 77 78 186 166 75 48 92 69 95 102 34 128 
17 32 57 84 90 116 122 124 128 146 155 163 188 5 120 79 128 104 158 4 130 41 125 44 156 47 191 16 163 147 139 82 192 198 144 169 64 11 3 14 15 29 54 151 148 170 125 65 179 62 74 59 127 58 92 73 134 167 132 110 122 94 136 94 36 97 147 27 196 31 172 38 14 76 118 64 7 175 96 26 145 17 134 98 60 26 80 94 77 78 186 166 75 48 92 69 95 102 34 128 
17 32 57 84 90 116 122 124 128 146 155 163 188 5 79 120 128 104 158 4 130 41 125 44 156 47 191 16 163 147 139 82 192 198 144 169 64 11 3 14 15 29 54 151 148 170 125 65 179 62 74 59 127 58 92 73 134 167 132 110 122 94 136 94 36 97 147 27 196 31 172 38 14 76 118 64 7 175 96 26 145 17 134 98 60 26 80 94 77 78 186 166 75 48 92 69 95 102 34 128 
17 32 57 84 90 116 122 124 128 146 155 163 188 5 79 120 104 128 158 4 130 41 125 44 156 47 191 16 163 147 139 82 192 198 144 169 64 11 3 14 15 29 54 151 148 170 125 65 179 62 74 59 127 58 92 73 134 167 132 110 122 94 136 94 36 97 147 27 196 31 172 38 14 76 118 64 7 175 96 26 145 17 134 98 60 26 80 94 77 78 186 166 75 48 92 69 95 102 34 128 
17 32 57 84 90 116 122 124 128 146 155 163 188 5 79 120 104 128 158 4 130 41 125 44 156 47 191 16 163 147 139 82 192 198 144 169 64 11 3 14 15 29 54 151 148 170 125 65 179 62 74 59 127 58 92 73 134 167 132 110 122 94 136 94 36 97 147 27 196 31 172 38 14 76 118 64 7 175 96 26 145 17 134 98 60 26 80 94 77 78 186 166 75 48 92 69 95 102 34 128 
17 32 57 84 90 116 122 124 128 146 155 163 188 5 79 104 120 128 158 4 130 41 125 44 156 47 191 16 163 147 139 82 192 198 144 169 64 11 3 14 15 29 54 151 148 170 125 65 179 62 74 59 127 58 92 73 134 167 132 110 122 94 136 94 36 97 147 27 196 31 172 38 14 76 118 64 7 175 96 26 145 17 134 98 60 26 80 94 77 78 186 166 75 48 92 69 95 102 34 128 
17 32 57 84 90 116 122 124 128 146 155 163 188 5 79 104 120 128 158 4 130 41 125 44 156 47 191 16 163 147 139 82 192 198 144 169 64 11 3 14 15 29 54 151 148 170 125 65 179 62 74 59 127 58 92 73 134 167 132 110 122 94 136 94 36 97 147 27 196 31 172 38 14 76 118 64 7 175 96 26 145 17 134 98 60 26 80 94 77 78 186 166 75 48 92 69 95 102 34 128 
17 32 57 84 90 116 122 124 128 146 155 163 188 5 79 104 120 128 158 4 41 130 125 44 156 47 191 16 163 147 139 82 192 198 144 169 64 11 3 14 15 29 54 151 148 170 125 65 179 62 74 59 127 58 92 73 134 167 132 110 122 94 136 94 36 97 147 27 196 31 172 38 14 76 118 64 7 175 96 26 145 17 134 98 60 26 80 94 77 78 186 166 75 48 92 69 95 102 34 128 
17 32 57 84 90 116 122 124 128 146 155 163 188 5 79 104 120 128 158 4 41 130 44 125 156 47 191 16 163 147 139 82 192 198 144 169 64 11 3 14 15 29 54 151 148 170 125 65 179 62 74 59 127 58 92 73 134 167 132 110 122 94 136 94 36 97 147 27 196 31 172 38 14 76 118 64 7 175 96 26 145 17 134 98 60 26 80 94 77 78 186 166 75 48 92 69 95 102 34 128 
17 32 57 84 90 116 122 124 128 146 155 163 188 5 79 104 120 128 158 4 41 130 44 125 156 47 191 16 163 147 139 82 192 198 144 169 64 11 3 14 15 29 54 151 148 170 125 65 179 62 74 59 127 58 92 73 134 167 132 110 122 94 136 94 36 97 147 27 196 31 172 38 14 76 118 64 7 175 96 26 145 17 134 98 60 26 80 94 77 78 186 166 75 48 92 69 95 102 34 128 
17 32 57 84 90 116 122 124 128 146 155 163 188 5 79 104 120 128 158 4 41 44 125 130 156 47 191 16 163 147 139 82 192 198 144 169 64 11 3 14 15 29 54 151 148 170 125 65 179 62 74 59 127 58 92 73 134 167 132 110 122 94 136 94 36 97 147 27 196 31 172 38 14 76 118 64 7 175 96 26 145 17 134 98 60 26 80 94 77 78 186 166 75 48 92 69 95 102 34 128 
17 32 57 84 90 116 122 124 128 146 155 163 188 4 5 41 44 79 104 120 125 128 130 156 158 47 191 16 163 147 139 82 192 198 144 169 64 11 3 14 15 29 54 151 148 170 125 65 179 62 74 59 127 58 92 73 134 167 132 110 122 94 136 94 36 97 147 27 196 31 172 38 14 76 118 64 7 175 96 26 145 17 134 98 60 26 80 94 77 78 186 166 75 48 92 69 95 102 34 128 
4 5 17 32 41 44 57 79 84 90 104 116 120 122 124 125 128 128 130 146 155 156 158 163 188 47 191 16 163 147 139 82 192 198 144 169 64 11 3 14 15 29 54 151 148 170 125 65 179 62 74 59 127 58 92 73 134 167 132 110 122 94 136 94 36 97 147 27 196 31 172 38 14 76 118 64 7 175 96 26 145 17 134 98 60 26 80 94 77 78 186 166 75 48 92 69 95 102 34 128 
4 5 17 32 41 44 57 79 84 90 104 116 120 122 124 125 128 128 130 146 155 156 158 163 188 47 191 16 163 147 139 82 192 198 144 169 64 11 3 14 15 29 54 151 148 170 125 65 179 62 74 59 127 58 92 73 134 167 132 110 122 94 136 94 36 97 147 27 196 31 172 38 14 76 118 64 7 175 96 26 145 17 134 98 60 26 80 94 77 78 186 166 75 48 92 69 95 102 34 128 
4 5 17 32 41 44 57 79 84 90 104 116 120 122 124 125 128 128 130 146 155 156 158 163 188 47 191 16 163 147 139 82 192 198 144 169 64 11 3 14 15 29 54 151 148 170 125 65 179 62 74 59 127 58 92 73 134 167 132 110 122 94 136 94 36 97 147 27 196 31 172 38 14 76 118 64 7 175 96 26 145 17 134 98 60 26 80 94 77 78 186 166 75 48 92 69 95 102 34 128 
4 5 17 32 41 44 57 79 84 90 104 116 120 122 124 125 128 128 130 146 155 156 158 163 188 16 47 163 191 147 139 82 192 198 144 169 64 11 3 14 15 29 54 151 148 170 125 65 179 62 74 59 127 58 92 73 134 167 132 110 122 94 136 94 36 97 147 27 196 31 172 38 14 76 118 64 7 175 96 26 145 17 134 98 60 26 80 94 77 78 186 166 75 48 92 69 95 102 34 128 
4 5 17 32 41 44 57 79 84 90 104 116 120 122 124 125 128 128 130 146 155 156 158 163 188 16 47 163 191 139 147 82 192 198 144 169 64 11 3 14 15 29 54 151 148 170 125 65 179 62 74 59 127 58 92 73 134 167 132 110 122 94 136 94 36 97 147 27 196 31 172 38 14 76 118 64 7 175 96 26 145 17 134 98 60 26 80 94 77 78 186 166 75 48 92 69 95 102 34 128 
4 5 17 32 41 44 57 79 84 90 104 116 120 122 124 125 128 128 130 146 155 156 158 163 188 16 47 163 191 82 139 147 192 198 144 169 64 11 3 14 15 29 54 151 148 170 125 65 179 62 74 59 127 58 92 73 134 167 132 110 122 94 136 94 36 97 147 27 196 31 172 38 14 76 118 64 7 175 96 26 145 17 134 98 60 26 80 94 77 78 186 166 75 48 92 69 95 102 34 128 
4 5 17 32 41 44 57 79 84 90 104 116 120 122 124 125 128 128 130 146 155 156 158 163 188 16 47 82 139 147 163 191 192 198 144 169 64 11 3 14 15 29 54 151 148 170 125 65 179 62 74 59 127 58 92 73 134 167 132 110 122 94 136 94 36 97 147 27 196 31 172 38 14 76 118 64 7 175 96 26 145 17 134 98 60 26 80 94 77 78 186 166 75 48 92 69 95 102 34 128 
4 5 17 32 41 44 57 79 84 90 104 116 120 122 124 125 128 128 130 146 155 156 158 163 188 16 47 82 139 147 163 191 192 198 144 169 64 11 3 14 15 29 54 151 148 170 125 65 179 62 74 59 127 58 92 73 134 167 132 110 122 94 136 94 36 97 147 27 196 31 172 38 14 76 118 64 7 175 96 26 145 17 134 98 60 26 80 94 77 78 186 166 75 48 92 69 95 102 34 128 
4 5 17 32 41 44 57 79 84 90 104 116 120 122 124 125 128 128 130 146 155 156 158 163 188 16 47 82 139 147 163 191 144 192 198 169 64 11 3 14 15 29 54 151 148 170 125 65 179 62 74 59 127 58 92 73 134 167 132 110 122 94 136 94 36 97 147 27 196 31 172 38 14 76 118 64 7 175 96 26 145 17 134 98 60 26 80 94 77 78 186 166 75 48 92 69 95 102 34 128 
4 5 17 32 41 44 57 79 84 90 104 116 120 122 124 125 128 128 130 146 155 156 158 163 188 16 47 82 139 147 163 191 144 192 198 64 169 11 3 14 15 29 54 151 148 170 125 65 179 62 74 59 127 58 92 73 134 167 132 110 122 94 136 94 36 97 147 27 196 31 172 38 14 76 118 64 7 175 96 26 145 17 134 98 60 26 80 94 77 78 186 166 75 48 92 69 95 102 34 128 
4 5 17 32 41 44 57 79 84 90 104 116 120 122 124 125 128 128 130 146 155 156 158 163 188 16 47 82 139 147 163 191 144 192 198 11 64 169 3 14 15 29 54 151 148 170 125 65 179 62 74 59 127 58 92 73 134 167 132 110 122 94 136 94 36 97 147 27 196 31 172 38 14 76 118 64 7 175 96 26 145 17 134 98 60 26 80 94 77 78 186 166 75 48 92 69 95 102 34 128 
4 5 17 32 41 44 57 79 84 90 104 116 120 122 124 125 128 128 130 146 155 156 158 163 188 16 47 82 139 147 163 191 11 64 144 169 192 198 3 14 15 29 54 151 148 170 125 65 179 62 74 59 127 58 92 73 134 167 132 110 122 94 136 94 36 97 147 27 196 31 172 38 14 76 118 64 7 175 96 26 145 17 134 98 60 26 80 94 77 78 186 166 75 48 92 69 95 102 34 128 
4 5 17 32 41 44 57 79 84 90 104 116 120 122 124 125 128 128 130 146 155 156 158 163 188 11 16 47 64 82 139 144 147 163 169 191 192 198 3 14 15 29 54 151 148 170 125 65 179 62 74 59 127 58 92 73 134 167 132 110 122 94 136 94 36 97 147 27 196 31 172 38 14 76 118 64 7 175 96 26 145 17 134 98 60 26 80 94 77 78 186 166 75 48 92 69 95 102 34 128 
4 5 17 32 41 44 57 79 84 90 104 116 120 122 124 125 128 128 130 146 155 156 158 163 188 11 16 47 64 82 139 144 147 163 169 191 192 198 3 14 15 29 54 151 148 170 125 65 179 62 74 59 127 58 92 73 134 167 132 110 122 94 136 94 36 97 147 27 196 31 172 38 14 76 118 64 7 175 96 26 145 17 134 98 60 26 80 94 77 78 186 166 75 48 92 69 95 102 34 128 
4 5 17 32 41 44 57 79 84 90 104 116 120 122 124 125 128 128 130 146 155 156 158 163 188 11 16 47 64 82 139 144 147 163 169 191 192 198 3 14 15 29 54 151 148 170 125 65 179 62 74 59 127 58 92 73 134 167 132 110 122 94 136 94 36 97 147 27 196 31 172 38 14 76 118 64 7 175 96 26 145 17 134 98 60 26 80 94 77 78 186 166 75 48 92 69 95 102 34 128 
4 5 17 32 41 44 57 79 84 90 104 116 120 122 124 125 128 128 130 146 155 156 158 163 188 11 16 47 64 82 139 144 147 163 169 191 192 198 3 14 15 29 54 151 148 170 125 65 179 62 74 59 127 58 92 73 134 167 132 110 122 94 136 94 36 97 147 27 196 31 172 38 14 76 118 64 7 175 96 26 145 17 134 98 60 26 80 94 77 78 186 166 75 48 92 69 95 102 34 128 
4 5 17 32 41 44 57 79 84 90 104 116 120 122 124 125 128 128 130 146 155 156 158 163 188 11 16 47 64 82 139 144 147 163 169 191 192 198 3 14 15 29 54 151 148 170 125 65 179 62 74 59 127 58 92 73 134 167 132 110 122 94 136 94 36 97 147 27 196 31 172 38 14 76 118 64 7 175 96 26 145 17 134 98 60 26 80 94 77 78 186 166 75 48 92 69 95 102 34 128 
4 5 17 32 41 44 57 79 84 90 104 116 120 122 124 125 128 128 130 146 155 156 158 163 188 11 16 47 64 82 139 144 147 163 169 191 192 198 3 14 15 29 54 151 148 170 125 65 179 62 74 59 127 58 92 73 134 167 132 110 122 94 136 94 36 97 147 27 196 31 172 38 14 76 118 64 7 175 96 26 145 17 134 98 60 26 80 94 77 78 186 166 75 48 92 69 95 102 34 128 
4 5 17 32 41 44 57 79 84 90 104 116 120 122 124 125 128 128 130 146 155 156 158 163 188 11 16 47 64 82 139 144 147 163 169 191 192 198 3 14 15 29 54 151 148 170 125 65 179 62 74 59 127 58 92 73 134 167 132 110 122 94 136 94 36 97 147 27 196 31 172 38 14 76 118 64 7 175 96 26 145 17 134 98 60 26 80 94 77 78 186 166 75 48 92 69 95 102 34 128 
4 5 17 32 41 44 57 79 84 90 104 116 120 122 124 125 128 128 130 146 155 156 158 163 188 11 16 47 64 82 139 144 147 163 169 191 192 198 3 14 15 29 54 151 125 148 170 65 179 62 74 59 127 58 92 73 134 167 132 110 122 94 136 94 36 97 147 27 196 31 172 38 14 76 118 64 7 175 96 26 145 17 134 98 60 26 80 94 77 78 186 166 75 48 92 69 95 102 34 128 
4 5 17 32 41 44 57 79 84 90 104 116 120 122 124 125 128 128 130 146 155 156 158 163 188 11 16 47 64 82 139 144 147 163 169 191 192 198 3 14 15 29 54 151 125 148 170 65 179 62 74 59 127 58 92 73 134 167 132 110 122 94 136 94 36 97 147 27 196 31 172 38 14 76 118 64 7 175 96 26 145 17 134 98 60 26 80 94 77 78 186 166 75 48 92 69 95 102 34 128 
4 5 17 32 41 44 57 79 84 90 104 116 120 122 124 125 128 128 130 146 155 156 158 163 188 11 16 47 64 82 139 144 147 163 169 191 192 198 3 14 15 29 54 151 125 148 170 62 65 179 74 59 127 58 92 73 134 167 132 110 122 94 136 94 36 97 147 27 196 31 172 38 14 76 118 64 7 175 96 26 145 17 134 98 60 26 80 94 77 78 186 166 75 48 92 69 95 102 34 128 
4 5 17 32 41 44 57 79 84 90 104 116 120 122 124 125 128 128 130 146 155 156 158 163 188 11 16 47 64 82 139 144 147 163 169 191 192 198 3 14 15 29 54 151 62 65 125 148 170 179 74 59 127 58 92 73 134 167 132 110 122 94 136 94 36 97 147 27 196 31 172 38 14 76 118 64 7 175 96 26 145 17 134 98 60 26 80 94 77 78 186 166 75 48 92 69 95 102 34 128 
4 5 17 32 41 44 57 79 84 90 104 116 120 122 124 125 128 128 130 146 155 156 158 163 188 11 16 47 64 82 139 144 147 163 169 191 192 198 3 14 15 29 54 62 65 125 148 151 170 179 74 59 127 58 92 73 134 167 132 110 122 94 136 94 36 97 147 27 196 31 172 38 14 76 118 64 7 175 96 26 145 17 134 98 60 26 80 94 77 78 186 166 75 48 92 69 95 102 34 128 
4 5 17 32 41 44 57 79 84 90 104 116 120 122 124 125 128 128 130 146 155 156 158 163 188 3 11 14 15 16 29 47 54 62 64 65 82 125 139 144 147 148 151 163 169 170 179 191 192 198 74 59 127 58 92 73 134 167 132 110 122 94 136 94 36 97 147 27 196 31 172 38 14 76 118 64 7 175 96 26 145 17 134 98 60 26 80 94 77 78 186 166 75 48 92 69 95 102 34 128 
3 4 5 11 14 15 16 17 29 32 41 44 47 54 57 62 64 65 79 82 84 90 104 116 120 122 124 125 125 128 128 130 139 144 146 147 148 151 155 156 158 163 163 169 170 179 188 191 192 198 74 59 127 58 92 73 134 167 132 110 122 94 136 94 36 97 147 27 196 31 172 38 14 76 118 64 7 175 96 26 145 17 134 98 60 26 80 94 77 78 186 166 75 48 92 69 95 102 34 128 
3 4 5 11 14 15 16 17 29 32 41 44 47 54 57 62 64 65 79 82 84 90 104 116 120 122 124 125 125 128 128 130 139 144 146 147 148 151 155 156 158 163 163 169 170 179 188 191 192 198 59 74 127 58 92 73 134 167 132 110 122 94 136 94 36 97 147 27 196 31 172 38 14 76 118 64 7 175 96 26 145 17 134 98 60 26 80 94 77 78 186 166 75 48 92 69 95 102 34 128 
3 4 5 11 14 15 16 17 29 32 41 44 47 54 57 62 64 65 79 82 84 90 104 116 120 122 124 125 125 128 128 130 139 144 146 147 148 151 155 156 158 163 163 169 170 179 188 191 192 198 59 74 58 127 92 73 134 167 132 110 122 94 136 94 36 97 147 27 196 31 172 38 14 76 118 64 7 175 96 26 145 17 134 98 60 26 80 94 77 78 186 166 75 48 92 69 95 102 34 128 
3 4 5 11 14 15 16 17 29 32 41 44 47 54 57 62 64 65 79 82 84 90 104 116 120 122 124 125 125 128 128 130 139 144 146 147 148 151 155 156 158 163 163 169 170 179 188 191 192 198 58 59 74 127 92 73 134 167 132 110 122 94 136 94 36 97 147 27 196 31 172 38 14 76 118 64 7 175 96 26 145 17 134 98 60 26 80 94 77 78 186 166 75 48 92 69 95 102 34 128 
3 4 5 11 14 15 16 17 29 32 41 44 47 54 57 62 64 65 79 82 84 90 104 116 120 122 124 125 125 128 128 130 139 144 146 147 148 151 155 156 158 163 163 169 170 179 188 191 192 198 58 59 74 127 73 92 134 167 132 110 122 94 136 94 36 97 147 27 196 31 172 38 14 76 118 64 7 175 96 26 145 17 134 98 60 26 80 94 77 78 186 166 75 48 92 69 95 102 34 128 
3 4 5 11 14 15 16 17 29 32 41 44 47 54 57 62 64 65 79 82 84 90 104 116 120 122 124 125 125 128 128 130 139 144 146 147 148 151 155 156 158 163 163 169 170 179 188 191 192 198 58 59 74 127 73 92 134 167 132 110 122 94 136 94 36 97 147 27 196 31 172 38 14 76 118 64 7 175 96 26 145 17 134 98 60 26 80 94 77 78 186 166 75 48 92 69 95 102 34 128 
3 4 5 11 14 15 16 17 29 32 41 44 47 54 57 62 64 65 79 82 84 90 104 116 120 122 124 125 125 128 128 130 139 144 146 147 148 151 155 156 158 163 163 169 170 179 188 191 192 198 58 59 73 74 92 127 134 167 132 110 122 94 136 94 36 97 147 27 196 31 172 38 14 76 118 64 7 175 96 26 145 17 134 98 60 26 80 94 77 78 186 166 75 48 92 69 95 102 34 128 
3 4 5 11 14 15 16 17 29 32 41 44 47 54 57 62 64 65 79 82 84 90 104 116 120 122 124 125 125 128 128 130 139 144 146 147 148 151 155 156 158 163 163 169 170 179 188 191 192 198 58 59 73 74 92 127 134 132 167 110 122 94 136 94 36 97 147 27 196 31 172 38 14 76 118 64 7 175 96 26 145 17 134 98 60 26 80 94 77 78 186 166 75 48 92 69 95 102 34 128 
3 4 5 11 14 15 16 17 29 32 41 44 47 54 57 62 64 65 79 82 84 90 104 116 120 122 124 125 125 128 128 130 139 144 146 147 148 151 155 156 158 163 163 169 170 179 188 191 192 198 58 59 73 74 92 127 134 110 132 167 122 94 136 94 36 97 147 27 196 31 172 38 14 76 118 64 7 175 96 26 145 17 134 98 60 26 80 94 77 78 186 166 75 48 92 69 95 102 34 128 
3 4 5 11 14 15 16 17 29 32 41 44 47 54 57 62 64 65 79 82 84 90 104 116 120 122 124 125 125 128 128 130 139 144 146 147 148 151 155 156 158 163 163 169 170 179 188 191 192 198 58 59 73 74 92 127 134 110 132 167 94 122 136 94 36 97 147 27 196 31 172 38 14 76 118 64 7 175 96 26 145 17 134 98 60 26 80 94 77 78 186 166 75 48 92 69 95 102 34 128 
3 4 5 11 14 15 16 17 29 32 41 44 47 54 57 62 64 65 79 82 84 90 104 116 120 122 124 125 125 128 128 130 139 144 146 147 148 151 155 156 158 163 163 169 170 179 188 191 192 198 58 59 73 74 92 127 134 110 132 167 94 122 136 94 36 97 147 27 196 31 172 38 14 76 118 64 7 175 96 26 145 17 134 98 60 26 80 94 77 78 186 166 75 48 92 69 95 102 34 128 
3 4 5 11 14 15 16 17 29 32 41 44 47 54 57 62 64 65 79 82 84 90 104 116 120 122 124 125 125 128 128 130 139 144 146 147 148 151 155 156 158 163 163 169 170 179 188 191 192 198 58 59 73 74 92 127 134 94 110 122 132 136 167 94 36 97 147 27 196 31 172 38 14 76 118 64 7 175 96 26 145 17 134 98 60 26 80 94 77 78 186 166 75 48 92 69 95 102 34 128 
3 4 5 11 14 15 16 17 29 32 41 44 47 54 57 62 64 65 79 82 84 90 104 116 120 122 124 125 125 128 128 130 139 144 146 147 148 151 155 156 158 163 163 169 170 179 188 191 192 198 58 59 73 74 92 94 110 122 127 132 134 136 167 94 36 97 147 27 196 31 172 38 14 76 118 64 7 175 96 26 145 17 134 98 60 26 80 94 77 78 186 166 75 48 92 69 95 102 34 128 
3 4 5 11 14 15 16 17 29 32 41 44 47 54 57 62 64 65 79 82 84 90 104 116 120 122 124 125 125 128 128 130 139 144 146 147 148 151 155 156 158 163 163 169 170 179 188 191 192 198 58 59 73 74 92 94 110 122 127 132 134 136 167 36 94 97 147 27 196 31 172 38 14 76 118 64 7 175 96 26 145 17 134 98 60 26 80 94 77 78 186 166 75 48 92 69 95 102 34 128 
3 4 5 11 14 15 16 17 29 32 41 44 47 54 57 62 64 65 79 82 84 90 104 116 120 122 124 125 125 128 128 130 139 144 146 147 148 151 155 156 158 163 163 169 170 179 188 191 192 198 58 59 73 74 92 94 110 122 127 132 134 136 167 36 94 97 147 27 196 31 172 38 14 76 118 64 7 175 96 26 145 17 134 98 60 26 80 94 77 78 186 166 75 48 92 69 95 102 34 128 
3 4 5 11 14 15 16 17 29 32 41 44 47 54 57 62 64 65 79 82 84 90 104 116 120 122 124 125 125 128 128 130 139 144 146 147 148 151 155 156 158 163 163 169 170 179 188 191 192 198 58 59 73 74 92 94 110 122 127 132 134 136 167 36 94 97 27 147 196 31 172 38 14 76 118 64 7 175 96 26 145 17 134 98 60 26 80 94 77 78 186 166 75 48 92 69 95 102 34 128 
3 4 5 11 14 15 16 17 29 32 41 44 47 54 57 62 64 65 79 82 84 90 104 116 120 122 124 125 125 128 128 130 139 144 146 147 148 151 155 156 158 163 163 169 170 179 188 191 192 198 58 59 73 74 92 94 110 122 127 132 134 136 167 36 94 97 27 147 196 31 172 38 14 76 118 64 7 175 96 26 145 17 134 98 60 26 80 94 77 78 186 166 75 48 92 69 95 102 34 128 
3 4 5 11 14 15 16 17 29 32 41 44 47 54 57 62 64 65 79 82 84 90 104 116 120 122 124 125 125 128 128 130 139 144 146 147 148 151 155 156 158 163 163 169 170 179 188 191 192 198 58 59 73 74 92 94 110 122 127 132 134 136 167 27 36 94 97 147 196 31 172 38 14 76 118 64 7 175 96 26 145 17 134 98 60 26 80 94 77 78 186 166 75 48 92 69 95 102 34 128 
3 4 5 11 14 15 16 17 29 32 41 44 47 54 57 62 64 65 79 82 84 90 104 116 120 122 124 125 125 128 128 130 139 144 146 147 148 151 155 156 158 163 163 169 170 179 188 191 192 198 58 59 73 74 92 94 110 122 127 132 134 136 167 27 36 94 97 147 196 31 172 38 14 76 118 64 7 175 96 26 145 17 134 98 60 26 80 94 77 78 186 166 75 48 92 69 95 102 34 128 
3 4 5 11 14 15 16 17 29 32 41 44 47 54 57 62 64 65 79 82 84 90 104 116 120 122 124 125 125 128 128 130 139 144 146 147 148 151 155 156 158 163 163 169 170 179 188 191 192 198 58 59 73 74 92 94 110 122 127 132 134 136 167 27 36 94 97 147 196 31 38 172 14 76 118 64 7 175 96 26 145 17 134 98 60 26 80 94 77 78 186 166 75 48 92 69 95 102 34 128 
3 4 5 11 14 15 16 17 29 32 41 44 47 54 57 62 64 65 79 82 84 90 104 116 120 122 124 125 125 128 128 130 139 144 146 147 148 151 155 156 158 163 163 169 170 179 188 191 192 198 58 59 73 74 92 94 110 122 127 132 134 136 167 27 36 94 97 147 196 31 38 172 14 76 118 64 7 175 96 26 145 17 134 98 60 26 80 94 77 78 186 166 75 48 92 69 95 102 34 128 
3 4 5 11 14 15 16 17 29 32 41 44 47 54 57 62 64 65 79 82 84 90 104 116 120 122 124 125 125 128 128 130 139 144 146 147 148 151 155 156 158 163 163 169 170 179 188 191 192 198 58 59 73 74 92 94 110 122 127 132 134 136 167 27 36 94 97 147 196 31 38 172 14 76 118 64 7 175 96 26 145 17 134 98 60 26 80 94 77 78 186 166 75 48 92 69 95 102 34 128 
3 4 5 11 14 15 16 17 29 32 41 44 47 54 57 62 64 65 79 82 84 90 104 116 120 122 124 125 125 128 128 130 139 144 146 147 148 151 155 156 158 163 163 169 170 179 188 191 192 198 58 59 73 74 92 94 110 122 127 132 134 136 167 27 36 94 97 147 196 14 31 38 76 118 172 64 7 175 96 26 145 17 134 98 60 26 80 94 77 78 186 166 75 48 92 69 95 102 34 128 
3 4 5 11 14 15 16 17 29 32 41 44 47 54 57 62 64 65 79 82 84 90 104 116 120 122 124 125 125 128 128 130 139 144 146 147 148 151 155 156 158 163 163 169 170 179 188 191 192 198 58 59 73 74 92 94 110 122 127 132 134 136 167 14 27 31 36 38 76 94 97 118 147 172 196 64 7 175 96 26 145 17 134 98 60 26 80 94 77 78 186 166 75 48 92 69 95 102 34 128 
3 4 5 11 14 15 16 17 29 32 41 44 47 54 57 62 64 65 79 82 84 90 104 116 120 122 124 125 125 128 128 130 139 144 146 147 148 151 155 156 158 163 163 169 170 179 188 191 192 198 14 27 31 36 38 58 59 73 74 76 92 94 94 97 110 118 122 127 132 134 136 147 167 172 196 64 7 175 96 26 145 17 134 98 60 26 80 94 77 78 186 166 75 48 92 69 95 102 34 128 
3 4 5 11 14 15 16 17 29 32 41 44 47 54 57 62 64 65 79 82 84 90 104 116 120 122 124 125 125 128 128 130 139 144 146 147 148 151 155 156 158 163 163 169 170 179 188 191 192 198 14 27 31 36 38 58 59 73 74 76 92 94 94 97 110 118 122 127 132 134 136 147 167 172 196 7 64 175 96 26 145 17 134 98 60 26 80 94 77 78 186 166 75 48 92 69 95 102 34 128 
3 4 5 11 14 15 16 17 29 32 41 44 47 54 57 62 64 65 79 82 84 90 104 116 120 122 124 125 125 128 128 130 139 144 146 147 148 151 155 156 158 163 163 169 170 179 188 191 192 198 14 27 31 36 38 58 59 73 74 76 92 94 94 97 110 118 122 127 132 134 136 147 167 172 196 7 64 96 175 26 145 17 134 98 60 26 80 94 77 78 186 166 75 48 92 69 95 102 34 128 
3 4 5 11 14 15 16 17 29 32 41 44 47 54 57 62 64 65 79 82 84 90 104 116 120 122 124 125 125 128 128 130 139 144 146 147 148 151 155 156 158 163 163 169 170 179 188 191 192 198 14 27 31 36 38 58 59 73 74 76 92 94 94 97 110 118 122 127 132 134 136 147 167 172 196 7 64 96 175 26 145 17 134 98 60 26 80 94 77 78 186 166 75 48 92 69 95 102 34 128 
3 4 5 11 14 15 16 17 29 32 41 44 47 54 57 62 64 65 79 82 84 90 104 116 120 122 124 125 125 128 128 130 139 144 146 147 148 151 155 156 158 163 163 169 170 179 188 191 192 198 14 27 31 36 38 58 59 73 74 76 92 94 94 97 110 118 122 127 132 134 136 147 167 172 196 7 64 96 175 26 145 17 134 98 60 26 80 94 77 78 186 166 75 48 92 69 95 102 34 128 
3 4 5 11 14 15 16 17 29 32 41 44 47 54 57 62 64 65 79 82 84 90 104 116 120 122 124 125 125 128 128 130 139 144 146 147 148 151 155 156 158 163 163 169 170 179 188 191 192 198 14 27 31 36 38 58 59 73 74 76 92 94 94 97 110 118 122 127 132 134 136 147 167 172 196 7 64 96 175 17 26 145 134 98 60 26 80 94 77 78 186 166 75 48 92 69 95 102 34 128 
3 4 5 11 14 15 16 17 29 32 41 44 47 54 57 62 64 65 79 82 84 90 104 116 120 122 124 125 125 128 128 130 139 144 146 147 148 151 155 156 158 163 163 169 170 179 188 191 192 198 14 27 31 36 38 58 59 73 74 76 92 94 94 97 110 118 122 127 132 134 136 147 167 172 196 7 17 26 64 96 145 175 134 98 60 26 80 94 77 78 186 166 75 48 92 69 95 102 34 128 
3 4 5 11 14 15 16 17 29 32 41 44 47 54 57 62 64 65 79 82 84 90 104 116 120 122 124 125 125 128 128 130 139 144 146 147 148 151 155 156 158 163 163 169 170 179 188 191 192 198 14 27 31 36 38 58 59 73 74 76 92 94 94 97 110 118 122 127 132 134 136 147 167 172 196 7 17 26 64 96 145 175 98 134 60 26 80 94 77 78 186 166 75 48 92 69 95 102 34 128 
3 4 5 11 14 15 16 17 29 32 41 44 47 54 57 62 64 65 79 82 84 90 104 116 120 122 124 125 125 128 128 130 139 144 146 147 148 151 155 156 158 163 163 169 170 179 188 191 192 198 14 27 31 36 38 58 59 73 74 76 92 94 94 97 110 118 122 127 132 134 136 147 167 172 196 7 17 26 64 96 145 175 60 98 134 26 80 94 77 78 186 166 75 48 92 69 95 102 34 128 
3 4 5 11 14 15 16 17 29 32 41 44 47 54 57 62 64 65 79 82 84 90 104 116 120 122 124 125 125 128 128 130 139 144 146 147 148 151 155 156 158 163 163 169 170 179 188 191 192 198 14 27 31 36 38 58 59 73 74 76 92 94 94 97 110 118 122 127 132 134 136 147 167 172 196 7 17 26 64 96 145 175 60 98 134 26 80 94 77 78 186 166 75 48 92 69 95 102 34 128 
3 4 5 11 14 15 16 17 29 32 41 44 47 54 57 62 64 65 79 82 84 90 104 116 120 122 124 125 125 128 128 130 139 144 146 147 148 151 155 156 158 163 163 169 170 179 188 191 192 198 14 27 31 36 38 58 59 73 74 76 92 94 94 97 110 118 122 127 132 134 136 147 167 172 196 7 17 26 64 96 145 175 60 98 134 26 80 94 77 78 186 166 75 48 92 69 95 102 34 128 
3 4 5 11 14 15 16 17 29 32 41 44 47 54 57 62 64 65 79 82 84 90 104 116 120 122 124 125 125 128 128 130 139 144 146 147 148 151 155 156 158 163 163 169 170 179 188 191 192 198 14 27 31 36 38 58 59 73 74 76 92 94 94 97 110 118 122 127 132 134 136 147 167 172 196 7 17 26 64 96 145 175 26 60 80 94 98 134 77 78 186 166 75 48 92 69 95 102 34 128 
3 4 5 11 14 15 16 17 29 32 41 44 47 54 57 62 64 65 79 82 84 90 104 116 120 122 124 125 125 128 128 130 139 144 146 147 148 151 155 156 158 163 163 169 170 179 188 191 192 198 14 27 31 36 38 58 59 73 74 76 92 94 94 97 110 118 122 127 132 134 136 147 167 172 196 7 17 26 26 60 64 80 94 96 98 134 145 175 77 78 186 166 75 48 92 69 95 102 34 128 
3 4 5 11 14 15 16 17 29 32 41 44 47 54 57 62 64 65 79 82 84 90 104 116 120 122 124 125 125 128 128 130 139 144 146 147 148 151 155 156 158 163 163 169 170 179 188 191 192 198 14 27 31 36 38 58 59 73 74 76 92 94 94 97 110 118 122 127 132 134 136 147 167 172 196 7 17 26 26 60 64 80 94 96 98 134 145 175 77 78 186 166 75 48 92 69 95 102 34 128 
3 4 5 11 14 15 16 17 29 32 41 44 47 54 57 62 64 65 79 82 84 90 104 116 120 122 124 125 125 128 128 130 139 144 146 147 148 151 155 156 158 163 163 169 170 179 188 191 192 198 14 27 31 36 38 58 59 73 74 76 92 94 94 97 110 118 122 127 132 134 136 147 167 172 196 7 17 26 26 60 64 80 94 96 98 134 145 175 77 78 186 166 75 48 92 69 95 102 34 128 
3 4 5 11 14 15 16 17 29 32 41 44 47 54 57 62 64 65 79 82 84 90 104 116 120 122 124 125 125 128 128 130 139 144 146 147 148 151 155 156 158 163 163 169 170 179 188 191 192 198 14 27 31 36 38 58 59 73 74 76 92 94 94 97 110 118 122 127 132 134 136 147 167 172 196 7 17 26 26 60 64 80 94 96 98 134 145 175 77 78 186 75 166 48 92 69 95 102 34 128 
3 4 5 11 14 15 16 17 29 32 41 44 47 54 57 62 64 65 79 82 84 90 104 116 120 122 124 125 125 128 128 130 139 144 146 147 148 151 155 156 158 163 163 169 170 179 188 191 192 198 14 27 31 36 38 58 59 73 74 76 92 94 94 97 110 118 122 127 132 134 136 147 167 172 196 7 17 26 26 60 64 80 94 96 98 134 145 175 77 78 186 48 75 166 92 69 95 102 34 128 
3 4 5 11 14 15 16 17 29 32 41 44 47 54 57 62 64 65 79 82 84 90 104 116 120 122 124 125 125 128 128 130 139 144 146 147 148 151 155 156 158 163 163 169 170 179 188 191 192 198 14 27 31 36 38 58 59 73 74 76 92 94 94 97 110 118 122 127 132 134 136 147 167 172 196 7 17 26 26 60 64 80 94 96 98 134 145 175 48 75 77 78 166 186 92 69 95 102 34 128 
3 4 5 11 14 15 16 17 29 32 41 44 47 54 57 62 64 65 79 82 84 90 104 116 120 122 124 125 125 128 128 130 139 144 146 147 148 151 155 156 158 163 163 169 170 179 188 191 192 198 14 27 31 36 38 58 59 73 74 76 92 94 94 97 110 118 122 127 132 134 136 147 167 172 196 7 17 26 26 60 64 80 94 96 98 134 145 175 48 75 77 78 166 186 69 92 95 102 34 128 
3 4 5 11 14 15 16 17 29 32 41 44 47 54 57 62 64 65 79 82 84 90 104 116 120 122 124 125 125 128 128 130 139 144 146 147 148 151 155 156 158 163 163 169 170 179 188 191 192 198 14 27 31 36 38 58 59 73 74 76 92 94 94 97 110 118 122 127 132 134 136 147 167 172 196 7 17 26 26 60 64 80 94 96 98 134 145 175 48 75 77 78 166 186 69 92 95 102 34 128 
3 4 5 11 14 15 16 17 29 32 41 44 47 54 57 62 64 65 79 82 84 90 104 116 120 122 124 125 125 128 128 130 139 144 146 147 148 151 155 156 158 163 163 169 170 179 188 191 192 198 14 27 31 36 38 58 59 73 74 76 92 94 94 97 110 118 122 127 132 134 136 147 167 172 196 7 17 26 26 60 64 80 94 96 98 134 145 175 48 75 77 78 166 186 69 92 95 34 102 128 
3 4 5 11 14 15 16 17 29 32 41 44 47 54 57 62 64 65 79 82 84 90 104 116 120 122 124 125 125 128 128 130 139 144 146 147 148 151 155 156 158 163 163 169 170 179 188 191 192 198 14 27 31 36 38 58 59 73 74 76 92 94 94 97 110 118 122 127 132 134 136 147 167 172 196 7 17 26 26 60 64 80 94 96 98 134 145 175 48 75 77 78 166 186 69 92 95 34 102 128 
3 4 5 11 14 15 16 17 29 32 41 44 47 54 57 62 64 65 79 82 84 90 104 116 120 122 124 125 125 128 128 130 139 144 146 147 148 151 155 156 158 163 163 169 170 179 188 191 192 198 14 27 31 36 38 58 59 73 74 76 92 94 94 97 110 118 122 127 132 134 136 147 167 172 196 7 17 26 26 60 64 80 94 96 98 134 145 175 48 75 77 78 166 186 34 69 92 95 102 128 
3 4 5 11 14 15 16 17 29 32 41 44 47 54 57 62 64 65 79 82 84 90 104 116 120 122 124 125 125 128 128 130 139 144 146 147 148 151 155 156 158 163 163 169 170 179 188 191 192 198 14 27 31 36 38 58 59 73 74 76 92 94 94 97 110 118 122 127 132 134 136 147 167 172 196 7 17 26 26 60 64 80 94 96 98 134 145 175 34 48 69 75 77 78 92 95 102 128 166 186 
3 4 5 11 14 15 16 17 29 32 41 44 47 54 57 62 64 65 79 82 84 90 104 116 120 122 124 125 125 128 128 130 139 144 146 147 148 151 155 156 158 163 163 169 170 179 188 191 192 198 14 27 31 36 38 58 59 73 74 76 92 94 94 97 110 118 122 127 132 134 136 147 167 172 196 7 17 26 26 34 48 60 64 69 75 77 78 80 92 94 95 96 98 102 128 134 145 166 175 186 
3 4 5 11 14 15 16 17 29 32 41 44 47 54 57 62 64 65 79 82 84 90 104 116 120 122 124 125 125 128 128 130 139 144 146 147 148 151 155 156 158 163 163 169 170 179 188 191 192 198 7 14 17 26 26 27 31 34 36 38 48 58 59 60 64 69 73 74 75 76 77 78 80 92 92 94 94 94 95 96 97 98 102 110 118 122 127 128 132 134 134 136 145 147 166 167 172 175 186 196 
3 4 5 7 11 14 14 15 16 17 17 26 26 27 29 31 32 34 36 38 41 44 47 48 54 57 58 59 60 62 64 64 65 69 73 74 75 76 77 78 79 80 82 84 90 92 92 94 94 94 95 96 97 98 102 104 110 116 118 120 122 122 124 125 125 127 128 128 128 130 132 134 134 136 139 144 145 146 147 147 148 151 155 156 158 163 163 166 167 169 170 172 175 179 186 188 191 192 196 198 
