84 188 17 155 57 122 116 90 128 146 124 163 32 120 5 79 128 104 158 4 130 41 125 44 156 47 191 16 163 147 139 82 192 198 144 169 64 11 3 14 15 29 54 151 148 170 125 65 179 62 74 59 127 58 92 73 134 167 132 110 122 94 136 94 36 97 147 27 196 31 172 38 14 76 118 64 7 175 96 26 145 17 134 98 60 26 80 94 77 78 186 166 75 48 92 69 95 102 34 128 
84 17 57 122 116 90 124 32 120 5 79 104 4 41 125 44 47 16 82 64 11 3 14 15 29 54 125 65 62 74 59 127 58 92 73 110 122 94 94 36 97 27 31 38 14 76 118 64 7 96 26 17 98 60 26 80 94 77 78 75 48 92 69 95 102 34 128 156 196 128 172 151 148 170 191 163 179 175 163 147 145 139 134 158 192 198 144 134 167 132 186 166 169 155 130 136 128 146 188 147 
17 32 5 4 16 11 3 14 15 29 27 31 14 7 26 17 26 34 82 64 90 124 84 120 57 54 125 65 62 74 59 127 58 92 73 110 122 94 94 36 97 79 104 38 122 76 118 64 41 96 125 44 98 60 47 80 94 77 78 75 48 92 69 95 102 116 128 156 196 128 172 151 148 170 191 163 179 175 163 147 145 139 134 158 192 198 144 134 167 132 186 166 169 155 130 136 128 146 188 147 
17 5 4 16 11 3 14 15 14 7 17 26 32 29 26 27 31 34 82 64 90 124 84 120 57 54 125 65 62 74 59 127 58 92 73 110 122 94 94 36 97 79 104 38 122 76 118 64 41 96 125 44 98 60 47 80 94 77 78 75 48 92 69 95 102 116 128 156 196 128 172 151 148 170 191 163 179 175 163 147 145 139 134 158 192 198 144 134 167 132 186 166 169 155 130 136 128 146 188 147 
5 4 16 11 3 14 15 14 7 17 17 26 32 29 26 27 31 34 82 64 90 124 84 120 57 54 125 65 62 74 59 127 58 92 73 110 122 94 94 36 97 79 104 38 122 76 118 64 41 96 125 44 98 60 47 80 94 77 78 75 48 92 69 95 102 116 128 156 196 128 172 151 148 170 191 163 179 175 163 147 145 139 134 158 192 198 144 134 167 132 186 166 169 155 130 136 128 146 188 147 
5 4 3 7 16 14 15 14 11 17 17 26 32 29 26 27 31 34 82 64 90 124 84 120 57 54 125 65 62 74 59 127 58 92 73 110 122 94 94 36 97 79 104 38 122 76 118 64 41 96 125 44 98 60 47 80 94 77 78 75 48 92 69 95 102 116 128 156 196 128 172 151 148 170 191 163 179 175 163 147 145 139 134 158 192 198 144 134 167 132 186 166 169 155 130 136 128 146 188 147 
3 4 5 7 16 14 15 14 11 17 17 26 32 29 26 27 31 34 82 64 90 124 84 120 57 54 125 65 62 74 59 127 58 92 73 110 122 94 94 36 97 79 104 38 122 76 118 64 41 96 125 44 98 60 47 80 94 77 78 75 48 92 69 95 102 116 128 156 196 128 172 151 148 170 191 163 179 175 163 147 145 139 134 158 192 198 144 134 167 132 186 166 169 155 130 136 128 146 188 147 
3 4 5 7 16 14 15 14 11 17 17 26 32 29 26 27 31 34 82 64 90 124 84 120 57 54 125 65 62 74 59 127 58 92 73 110 122 94 94 36 97 79 104 38 122 76 118 64 41 96 125 44 98 60 47 80 94 77 78 75 48 92 69 95 102 116 128 156 196 128 172 151 148 170 191 163 179 175 163 147 145 139 134 158 192 198 144 134 167 132 186 166 169 155 130 136 128 146 188 147 
3 4 5 7 11 14 15 14 16 17 17 26 32 29 26 27 31 34 82 64 90 124 84 120 57 54 125 65 62 74 59 127 58 92 73 110 122 94 94 36 97 79 104 38 122 76 118 64 41 96 125 44 98 60 47 80 94 77 78 75 48 92 69 95 102 116 128 156 196 128 172 151 148 170 191 163 179 175 163 147 145 139 134 158 192 198 144 134 167 132 186 166 169 155 130 136 128 146 188 147 
3 4 5 7 11 14 15 14 16 17 17 26 32 29 26 27 31 34 82 64 90 124 84 120 57 54 125 65 62 74 59 127 58 92 73 110 122 94 94 36 97 79 104 38 122 76 118 64 41 96 125 44 98 60 47 80 94 77 78 75 48 92 69 95 102 116 128 156 196 128 172 151 148 170 191 163 179 175 163 147 145 139 134 158 192 198 144 134 167 132 186 166 169 155 130 136 128 146 188 147 
3 4 5 7 11 14 15 14 16 17 17 26 32 29 26 27 31 34 82 64 90 124 84 120 57 54 125 65 62 74 59 127 58 92 73 110 122 94 94 36 97 79 104 38 122 76 118 64 41 96 125 44 98 60 47 80 94 77 78 75 48 92 69 95 102 116 128 156 196 128 172 151 148 170 191 163 179 175 163 147 145 139 134 158 192 198 144 134 167 132 186 166 169 155 130 136 128 146 188 147 
3 4 5 7 11 14 14 15 16 17 17 26 32 29 26 27 31 34 82 64 90 124 84 120 57 54 125 65 62 74 59 127 58 92 73 110 122 94 94 36 97 79 104 38 122 76 118 64 41 96 125 44 98 60 47 80 94 77 78 75 48 92 69 95 102 116 128 156 196 128 172 151 148 170 191 163 179 175 163 147 145 139 134 158 192 198 144 134 167 132 186 166 169 155 130 136 128 146 188 147 
3 4 5 7 11 14 14 15 16 17 17 26 29 26 27 31 32 34 82 64 90 124 84 120 57 54 125 65 62 74 59 127 58 92 73 110 122 94 94 36 97 79 104 38 122 76 118 64 41 96 125 44 98 60 47 80 94 77 78 75 48 92 69 95 102 116 128 156 196 128 172 151 148 170 191 163 179 175 163 147 145 139 134 158 192 198 144 134 167 132 186 166 169 155 130 136 128 146 188 147 
3 4 5 7 11 14 14 15 16 17 17 26 26 27 29 31 32 34 82 64 90 124 84 120 57 54 125 65 62 74 59 127 58 92 73 110 122 94 94 36 97 79 104 38 122 76 118 64 41 96 125 44 98 60 47 80 94 77 78 75 48 92 69 95 102 116 128 156 196 128 172 151 148 170 191 163 179 175 163 147 145 139 134 158 192 198 144 134 167 132 186 166 169 155 130 136 128 146 188 147 
3 4 5 7 11 14 14 15 16 17 17 26 26 27 29 31 32 34 82 64 90 84 57 54 65 62 74 59 58 92 73 110 94 94 36 97 79 104 38 76 64 41 96 44 98 60 47 80 94 77 78 75 48 92 69 95 102 116 125 125 122 124 118 127 122 120 128 156 196 128 172 151 148 170 191 163 179 175 163 147 145 139 134 158 192 198 144 134 167 132 186 166 169 155 130 136 128 146 188 147 
3 4 5 7 11 14 14 15 16 17 17 26 26 27 29 31 32 34 82 64 90 84 57 54 65 62 74 59 58 92 73 94 94 36 97 79 38 76 64 41 96 44 98 60 47 80 94 77 78 75 48 92 69 95 102 104 110 116 125 125 122 124 118 127 122 120 128 156 196 128 172 151 148 170 191 163 179 175 163 147 145 139 134 158 192 198 144 134 167 132 186 166 169 155 130 136 128 146 188 147 
3 4 5 7 11 14 14 15 16 17 17 26 26 27 29 31 32 34 82 64 90 84 57 54 65 62 74 59 58 92 73 94 94 36 79 38 76 64 41 44 60 47 80 94 77 78 75 48 92 69 95 98 96 97 102 104 110 116 125 125 122 124 118 127 122 120 128 156 196 128 172 151 148 170 191 163 179 175 163 147 145 139 134 158 192 198 144 134 167 132 186 166 169 155 130 136 128 146 188 147 
3 4 5 7 11 14 14 15 16 17 17 26 26 27 29 31 32 34 64 57 54 65 62 59 58 36 38 64 41 44 60 47 48 69 79 74 76 90 84 92 73 94 80 94 77 78 75 94 92 82 95 98 96 97 102 104 110 116 125 125 122 124 118 127 122 120 128 156 196 128 172 151 148 170 191 163 179 175 163 147 145 139 134 158 192 198 144 134 167 132 186 166 169 155 130 136 128 146 188 147 
3 4 5 7 11 14 14 15 16 17 17 26 26 27 29 31 32 34 36 38 41 44 47 48 58 64 57 64 54 65 60 62 59 69 79 74 76 90 84 92 73 94 80 94 77 78 75 94 92 82 95 98 96 97 102 104 110 116 125 125 122 124 118 127 122 120 128 156 196 128 172 151 148 170 191 163 179 175 163 147 145 139 134 158 192 198 144 134 167 132 186 166 169 155 130 136 128 146 188 147 
3 4 5 7 11 14 14 15 16 17 17 26 26 27 29 31 32 34 36 38 41 44 47 48 58 64 57 64 54 65 60 62 59 69 79 74 76 90 84 92 73 94 80 94 77 78 75 94 92 82 95 98 96 97 102 104 110 116 125 125 122 124 118 127 122 120 128 156 196 128 172 151 148 170 191 163 179 175 163 147 145 139 134 158 192 198 144 134 167 132 186 166 169 155 130 136 128 146 188 147 
3 4 5 7 11 14 14 15 16 17 17 26 26 27 29 31 32 34 36 38 41 44 47 48 58 64 57 64 54 65 60 62 59 69 79 74 76 90 84 92 73 94 80 94 77 78 75 94 92 82 95 98 96 97 102 104 110 116 125 125 122 124 118 127 122 120 128 156 196 128 172 151 148 170 191 163 179 175 163 147 145 139 134 158 192 198 144 134 167 132 186 166 169 155 130 136 128 146 188 147 
3 4 5 7 11 14 14 15 16 17 17 26 26 27 29 31 32 34 36 38 41 44 47 48 58 64 57 64 54 65 60 62 59 69 79 74 76 90 84 92 73 94 80 94 77 78 75 94 92 82 95 98 96 97 102 104 110 116 125 125 122 124 118 127 122 120 128 156 196 128 172 151 148 170 191 163 179 175 163 147 145 139 134 158 192 198 144 134 167 132 186 166 169 155 130 136 128 146 188 147 
3 4 5 7 11 14 14 15 16 17 17 26 26 27 29 31 32 34 36 38 41 44 47 48 58 64 57 64 54 65 60 62 59 69 79 74 76 90 84 92 73 94 80 94 77 78 75 94 92 82 95 98 96 97 102 104 110 116 125 125 122 124 118 127 122 120 128 156 196 128 172 151 148 170 191 163 179 175 163 147 145 139 134 158 192 198 144 134 167 132 186 166 169 155 130 136 128 146 188 147 
3 4 5 7 11 14 14 15 16 17 17 26 26 27 29 31 32 34 36 38 41 44 47 48 58 57 54 59 64 65 60 62 64 69 79 74 76 90 84 92 73 94 80 94 77 78 75 94 92 82 95 98 96 97 102 104 110 116 125 125 122 124 118 127 122 120 128 156 196 128 172 151 148 170 191 163 179 175 163 147 145 139 134 158 192 198 144 134 167 132 186 166 169 155 130 136 128 146 188 147 
3 4 5 7 11 14 14 15 16 17 17 26 26 27 29 31 32 34 36 38 41 44 47 48 54 57 58 59 64 65 60 62 64 69 79 74 76 90 84 92 73 94 80 94 77 78 75 94 92 82 95 98 96 97 102 104 110 116 125 125 122 124 118 127 122 120 128 156 196 128 172 151 148 170 191 163 179 175 163 147 145 139 134 158 192 198 144 134 167 132 186 166 169 155 130 136 128 146 188 147 
3 4 5 7 11 14 14 15 16 17 17 26 26 27 29 31 32 34 36 38 41 44 47 48 54 57 58 59 64 65 60 62 64 69 79 74 76 90 84 92 73 94 80 94 77 78 75 94 92 82 95 98 96 97 102 104 110 116 125 125 122 124 118 127 122 120 128 156 196 128 172 151 148 170 191 163 179 175 163 147 145 139 134 158 192 198 144 134 167 132 186 166 169 155 130 136 128 146 188 147 
3 4 5 7 11 14 14 15 16 17 17 26 26 27 29 31 32 34 36 38 41 44 47 48 54 57 58 59 60 62 64 65 64 69 79 74 76 90 84 92 73 94 80 94 77 78 75 94 92 82 95 98 96 97 102 104 110 116 125 125 122 124 118 127 122 120 128 156 196 128 172 151 148 170 191 163 179 175 163 147 145 139 134 158 192 198 144 134 167 132 186 166 169 155 130 136 128 146 188 147 
3 4 5 7 11 14 14 15 16 17 17 26 26 27 29 31 32 34 36 38 41 44 47 48 54 57 58 59 60 62 64 65 64 69 79 74 76 90 84 92 73 94 80 94 77 78 75 94 92 82 95 98 96 97 102 104 110 116 125 125 122 124 118 127 122 120 128 156 196 128 172 151 148 170 191 163 179 175 163 147 145 139 134 158 192 198 144 134 167 132 186 166 169 155 130 136 128 146 188 147 
3 4 5 7 11 14 14 15 16 17 17 26 26 27 29 31 32 34 36 38 41 44 47 48 54 57 58 59 60 62 64 64 65 69 79 74 76 90 84 92 73 94 80 94 77 78 75 94 92 82 95 98 96 97 102 104 110 116 125 125 122 124 118 127 122 120 128 156 196 128 172 151 148 170 191 163 179 175 163 147 145 139 134 158 192 198 144 134 167 132 186 166 169 155 130 136 128 146 188 147 
3 4 5 7 11 14 14 15 16 17 17 26 26 27 29 31 32 34 36 38 41 44 47 48 54 57 58 59 60 62 64 64 65 69 79 74 76 73 80 77 78 75 82 94 92 90 94 94 92 84 95 98 96 97 102 104 110 116 125 125 122 124 118 127 122 120 128 156 196 128 172 151 148 170 191 163 179 175 163 147 145 139 134 158 192 198 144 134 167 132 186 166 169 155 130 136 128 146 188 147 
3 4 5 7 11 14 14 15 16 17 17 26 26 27 29 31 32 34 36 38 41 44 47 48 54 57 58 59 60 62 64 64 65 69 74 73 75 79 80 77 78 76 82 94 92 90 94 94 92 84 95 98 96 97 102 104 110 116 125 125 122 124 118 127 122 120 128 156 196 128 172 151 148 170 191 163 179 175 163 147 145 139 134 158 192 198 144 134 167 132 186 166 169 155 130 136 128 146 188 147 
3 4 5 7 11 14 14 15 16 17 17 26 26 27 29 31 32 34 36 38 41 44 47 48 54 57 58 59 60 62 64 64 65 69 73 74 75 79 80 77 78 76 82 94 92 90 94 94 92 84 95 98 96 97 102 104 110 116 125 125 122 124 118 127 122 120 128 156 196 128 172 151 148 170 191 163 179 175 163 147 145 139 134 158 192 198 144 134 167 132 186 166 169 155 130 136 128 146 188 147 
3 4 5 7 11 14 14 15 16 17 17 26 26 27 29 31 32 34 36 38 41 44 47 48 54 57 58 59 60 62 64 64 65 69 73 74 75 76 80 77 78 79 82 94 92 90 94 94 92 84 95 98 96 97 102 104 110 116 125 125 122 124 118 127 122 120 128 156 196 128 172 151 148 170 191 163 179 175 163 147 145 139 134 158 192 198 144 134 167 132 186 166 169 155 130 136 128 146 188 147 
3 4 5 7 11 14 14 15 16 17 17 26 26 27 29 31 32 34 36 38 41 44 47 48 54 57 58 59 60 62 64 64 65 69 73 74 75 76 77 78 79 80 82 94 92 90 94 94 92 84 95 98 96 97 102 104 110 116 125 125 122 124 118 127 122 120 128 156 196 128 172 151 148 170 191 163 179 175 163 147 145 139 134 158 192 198 144 134 167 132 186 166 169 155 130 136 128 146 188 147 
3 4 5 7 11 14 14 15 16 17 17 26 26 27 29 31 32 34 36 38 41 44 47 48 54 57 58 59 60 62 64 64 65 69 73 74 75 76 77 78 79 80 82 94 92 90 94 94 92 84 95 98 96 97 102 104 110 116 125 125 122 124 118 127 122 120 128 156 196 128 172 151 148 170 191 163 179 175 163 147 145 139 134 158 192 198 144 134 167 132 186 166 169 155 130 136 128 146 188 147 
3 4 5 7 11 14 14 15 16 17 17 26 26 27 29 31 32 34 36 38 41 44 47 48 54 57 58 59 60 62 64 64 65 69 73 74 75 76 77 78 79 80 82 84 92 90 94 94 92 94 95 98 96 97 102 104 110 116 125 125 122 124 118 127 122 120 128 156 196 128 172 151 148 170 191 163 179 175 163 147 145 139 134 158 192 198 144 134 167 132 186 166 169 155 130 136 128 146 188 147 
3 4 5 7 11 14 14 15 16 17 17 26 26 27 29 31 32 34 36 38 41 44 47 48 54 57 58 59 60 62 64 64 65 69 73 74 75 76 77 78 79 80 82 84 92 90 92 94 94 94 95 98 96 97 102 104 110 116 125 125 122 124 118 127 122 120 128 156 196 128 172 151 148 170 191 163 179 175 163 147 145 139 134 158 192 198 144 134 167 132 186 166 169 155 130 136 128 146 188 147 
3 4 5 7 11 14 14 15 16 17 17 26 26 27 29 31 32 34 36 38 41 44 47 48 54 57 58 59 60 62 64 64 65 69 73 74 75 76 77 78 79 80 82 84 90 92 92 94 94 94 95 98 96 97 102 104 110 116 125 125 122 124 118 127 122 120 128 156 196 128 172 151 148 170 191 163 179 175 163 147 145 139 134 158 192 198 144 134 167 132 186 166 169 155 130 136 128 146 188 147 
3 4 5 7 11 14 14 15 16 17 17 26 26 27 29 31 32 34 36 38 41 44 47 48 54 57 58 59 60 62 64 64 65 69 73 74 75 76 77 78 79 80 82 84 90 92 92 94 94 94 95 98 96 97 102 104 110 116 125 125 122 124 118 127 122 120 128 156 196 128 172 151 148 170 191 163 179 175 163 147 145 139 134 158 192 198 144 134 167 132 186 166 169 155 130 136 128 146 188 147 
3 4 5 7 11 14 14 15 16 17 17 26 26 27 29 31 32 34 36 38 41 44 47 48 54 57 58 59 60 62 64 64 65 69 73 74 75 76 77 78 79 80 82 84 90 92 92 94 94 94 95 96 97 98 102 104 110 116 125 125 122 124 118 127 122 120 128 156 196 128 172 151 148 170 191 163 179 175 163 147 145 139 134 158 192 198 144 134 167 132 186 166 169 155 130 136 128 146 188 147 
3 4 5 7 11 14 14 15 16 17 17 26 26 27 29 31 32 34 36 38 41 44 47 48 54 57 58 59 60 62 64 64 65 69 73 74 75 76 77 78 79 80 82 84 90 92 92 94 94 94 95 96 97 98 102 104 110 116 125 125 122 124 118 127 122 120 128 156 196 128 172 151 148 170 191 163 179 175 163 147 145 139 134 158 192 198 144 134 167 132 186 166 169 155 130 136 128 146 188 147 
3 4 5 7 11 14 14 15 16 17 17 26 26 27 29 31 32 34 36 38 41 44 47 48 54 57 58 59 60 62 64 64 65 69 73 74 75 76 77 78 79 80 82 84 90 92 92 94 94 94 95 96 97 98 102 104 110 116 118 120 122 124 125 127 122 125 128 156 196 128 172 151 148 170 191 163 179 175 163 147 145 139 134 158 192 198 144 134 167 132 186 166 169 155 130 136 128 146 188 147 
3 4 5 7 11 14 14 15 16 17 17 26 26 27 29 31 32 34 36 38 41 44 47 48 54 57 58 59 60 62 64 64 65 69 73 74 75 76 77 78 79 80 82 84 90 92 92 94 94 94 95 96 97 98 102 104 110 116 118 120 122 124 122 125 125 127 128 156 196 128 172 151 148 170 191 163 179 175 163 147 145 139 134 158 192 198 144 134 167 132 186 166 169 155 130 136 128 146 188 147 
3 4 5 7 11 14 14 15 16 17 17 26 26 27 29 31 32 34 36 38 41 44 47 48 54 57 58 59 60 62 64 64 65 69 73 74 75 76 77 78 79 80 82 84 90 92 92 94 94 94 95 96 97 98 102 104 110 116 118 120 122 124 122 125 125 127 128 156 196 128 172 151 148 170 191 163 179 175 163 147 145 139 134 158 192 198 144 134 167 132 186 166 169 155 130 136 128 146 188 147 
3 4 5 7 11 14 14 15 16 17 17 26 26 27 29 31 32 34 36 38 41 44 47 48 54 57 58 59 60 62 64 64 65 69 73 74 75 76 77 78 79 80 82 84 90 92 92 94 94 94 95 96 97 98 102 104 110 116 118 120 122 122 124 125 125 127 128 156 196 128 172 151 148 170 191 163 179 175 163 147 145 139 134 158 192 198 144 134 167 132 186 166 169 155 130 136 128 146 188 147 
3 4 5 7 11 14 14 15 16 17 17 26 26 27 29 31 32 34 36 38 41 44 47 48 54 57 58 59 60 62 64 64 65 69 73 74 75 76 77 78 79 80 82 84 90 92 92 94 94 94 95 96 97 98 102 104 110 116 118 120 122 122 124 125 125 127 128 156 196 128 172 151 148 170 191 163 179 175 163 147 145 139 134 158 192 198 144 134 167 132 186 166 169 155 130 136 128 146 188 147 
3 4 5 7 11 14 14 15 16 17 17 26 26 27 29 31 32 34 36 38 41 44 47 48 54 57 58 59 60 62 64 64 65 69 73 74 75 76 77 78 79 80 82 84 90 92 92 94 94 94 95 96 97 98 102 104 110 116 118 120 122 122 124 125 125 127 128 128 145 139 134 144 134 132 130 136 128 146 147 147 196 156 172 158 192 198 151 148 167 170 186 166 169 155 191 163 179 175 188 163 
3 4 5 7 11 14 14 15 16 17 17 26 26 27 29 31 32 34 36 38 41 44 47 48 54 57 58 59 60 62 64 64 65 69 73 74 75 76 77 78 79 80 82 84 90 92 92 94 94 94 95 96 97 98 102 104 110 116 118 120 122 122 124 125 125 127 128 128 145 139 134 144 134 132 130 136 128 146 147 147 196 156 172 158 192 198 151 148 167 170 186 166 169 155 191 163 179 175 188 163 
3 4 5 7 11 14 14 15 16 17 17 26 26 27 29 31 32 34 36 38 41 44 47 48 54 57 58 59 60 62 64 64 65 69 73 74 75 76 77 78 79 80 82 84 90 92 92 94 94 94 95 96 97 98 102 104 110 116 118 120 122 122 124 125 125 127 128 128 145 139 134 144 134 132 130 136 128 146 147 147 196 156 172 158 192 198 151 148 167 170 186 166 169 155 191 163 179 175 188 163 
3 4 5 7 11 14 14 15 16 17 17 26 26 27 29 31 32 34 36 38 41 44 47 48 54 57 58 59 60 62 64 64 65 69 73 74 75 76 77 78 79 80 82 84 90 92 92 94 94 94 95 96 97 98 102 104 110 116 118 120 122 122 124 125 125 127 128 128 128 139 134 144 134 132 130 136 145 146 147 147 196 156 172 158 192 198 151 148 167 170 186 166 169 155 191 163 179 175 188 163 
3 4 5 7 11 14 14 15 16 17 17 26 26 27 29 31 32 34 36 38 41 44 47 48 54 57 58 59 60 62 64 64 65 69 73 74 75 76 77 78 79 80 82 84 90 92 92 94 94 94 95 96 97 98 102 104 110 116 118 120 122 122 124 125 125 127 128 128 128 139 134 144 134 132 130 136 145 146 147 147 196 156 172 158 192 198 151 148 167 170 186 166 169 155 191 163 179 175 188 163 
3 4 5 7 11 14 14 15 16 17 17 26 26 27 29 31 32 34 36 38 41 44 47 48 54 57 58 59 60 62 64 64 65 69 73 74 75 76 77 78 79 80 82 84 90 92 92 94 94 94 95 96 97 98 102 104 110 116 118 120 122 122 124 125 125 127 128 128 128 134 134 132 130 136 139 144 145 146 147 147 196 156 172 158 192 198 151 148 167 170 186 166 169 155 191 163 179 175 188 163 
3 4 5 7 11 14 14 15 16 17 17 26 26 27 29 31 32 34 36 38 41 44 47 48 54 57 58 59 60 62 64 64 65 69 73 74 75 76 77 78 79 80 82 84 90 92 92 94 94 94 95 96 97 98 102 104 110 116 118 120 122 122 124 125 125 127 128 128 128 130 134 132 134 136 139 144 145 146 147 147 196 156 172 158 192 198 151 148 167 170 186 166 169 155 191 163 179 175 188 163 
3 4 5 7 11 14 14 15 16 17 17 26 26 27 29 31 32 34 36 38 41 44 47 48 54 57 58 59 60 62 64 64 65 69 73 74 75 76 77 78 79 80 82 84 90 92 92 94 94 94 95 96 97 98 102 104 110 116 118 120 122 122 124 125 125 127 128 128 128 130 132 134 134 136 139 144 145 146 147 147 196 156 172 158 192 198 151 148 167 170 186 166 169 155 191 163 179 175 188 163 
3 4 5 7 11 14 14 15 16 17 17 26 26 27 29 31 32 34 36 38 41 44 47 48 54 57 58 59 60 62 64 64 65 69 73 74 75 76 77 78 79 80 82 84 90 92 92 94 94 94 95 96 97 98 102 104 110 116 118 120 122 122 124 125 125 127 128 128 128 130 132 134 134 136 139 144 145 146 147 147 196 156 172 158 192 198 151 148 167 170 186 166 169 155 191 163 179 175 188 163 
3 4 5 7 11 14 14 15 16 17 17 26 26 27 29 31 32 34 36 38 41 44 47 48 54 57 58 59 60 62 64 64 65 69 73 74 75 76 77 78 79 80 82 84 90 92 92 94 94 94 95 96 97 98 102 104 110 116 118 120 122 122 124 125 125 127 128 128 128 130 132 134 134 136 139 144 145 146 147 147 156 158 151 148 155 163 172 196 167 170 186 166 169 192 191 163 179 175 188 198 
3 4 5 7 11 14 14 15 16 17 17 26 26 27 29 31 32 34 36 38 41 44 47 48 54 57 58 59 60 62 64 64 65 69 73 74 75 76 77 78 79 80 82 84 90 92 92 94 94 94 95 96 97 98 102 104 110 116 118 120 122 122 124 125 125 127 128 128 128 130 132 134 134 136 139 144 145 146 147 147 151 148 155 158 156 163 172 196 167 170 186 166 169 192 191 163 179 175 188 198 
3 4 5 7 11 14 14 15 16 17 17 26 26 27 29 31 32 34 36 38 41 44 47 48 54 57 58 59 60 62 64 64 65 69 73 74 75 76 77 78 79 80 82 84 90 92 92 94 94 94 95 96 97 98 102 104 110 116 118 120 122 122 124 125 125 127 128 128 128 130 132 134 134 136 139 144 145 146 147 147 148 151 155 158 156 163 172 196 167 170 186 166 169 192 191 163 179 175 188 198 
3 4 5 7 11 14 14 15 16 17 17 26 26 27 29 31 32 34 36 38 41 44 47 48 54 57 58 59 60 62 64 64 65 69 73 74 75 76 77 78 79 80 82 84 90 92 92 94 94 94 95 96 97 98 102 104 110 116 118 120 122 122 124 125 125 127 128 128 128 130 132 134 134 136 139 144 145 146 147 147 148 151 155 156 158 163 172 196 167 170 186 166 169 192 191 163 179 175 188 198 
3 4 5 7 11 14 14 15 16 17 17 26 26 27 29 31 32 34 36 38 41 44 47 48 54 57 58 59 60 62 64 64 65 69 73 74 75 76 77 78 79 80 82 84 90 92 92 94 94 94 95 96 97 98 102 104 110 116 118 120 122 122 124 125 125 127 128 128 128 130 132 134 134 136 139 144 145 146 147 147 148 151 155 156 158 163 172 196 167 170 186 166 169 192 191 163 179 175 188 198 
3 4 5 7 11 14 14 15 16 17 17 26 26 27 29 31 32 34 36 38 41 44 47 48 54 57 58 59 60 62 64 64 65 69 73 74 75 76 77 78 79 80 82 84 90 92 92 94 94 94 95 96 97 98 102 104 110 116 118 120 122 122 124 125 125 127 128 128 128 130 132 134 134 136 139 144 145 146 147 147 148 151 155 156 158 163 172 167 170 186 166 169 163 179 175 188 192 191 196 198 
3 4 5 7 11 14 14 15 16 17 17 26 26 27 29 31 32 34 36 38 41 44 47 48 54 57 58 59 60 62 64 64 65 69 73 74 75 76 77 78 79 80 82 84 90 92 92 94 94 94 95 96 97 98 102 104 110 116 118 120 122 122 124 125 125 127 128 128 128 130 132 134 134 136 139 144 145 146 147 147 148 151 155 156 158 163 172 167 170 166 169 163 175 179 186 188 192 191 196 198 
3 4 5 7 11 14 14 15 16 17 17 26 26 27 29 31 32 34 36 38 41 44 47 48 54 57 58 59 60 62 64 64 65 69 73 74 75 76 77 78 79 80 82 84 90 92 92 94 94 94 95 96 97 98 102 104 110 116 118 120 122 122 124 125 125 127 128 128 128 130 132 134 134 136 139 144 145 146 147 147 148 151 155 156 158 163 163 167 170 166 169 172 175 179 186 188 192 191 196 198 
3 4 5 7 11 14 14 15 16 17 17 26 26 27 29 31 32 34 36 38 41 44 47 48 54 57 58 59 60 62 64 64 65 69 73 74 75 76 77 78 79 80 82 84 90 92 92 94 94 94 95 96 97 98 102 104 110 116 118 120 122 122 124 125 125 127 128 128 128 130 132 134 134 136 139 144 145 146 147 147 148 151 155 156 158 163 163 167 170 166 169 172 175 179 186 188 192 191 196 198 
3 4 5 7 11 14 14 15 16 17 17 26 26 27 29 31 32 34 36 38 41 44 47 48 54 57 58 59 60 62 64 64 65 69 73 74 75 76 77 78 79 80 82 84 90 92 92 94 94 94 95 96 97 98 102 104 110 116 118 120 122 122 124 125 125 127 128 128 128 130 132 134 134 136 139 144 145 146 147 147 148 151 155 156 158 163 163 167 166 169 170 172 175 179 186 188 192 191 196 198 
3 4 5 7 11 14 14 15 16 17 17 26 26 27 29 31 32 34 36 38 41 44 47 48 54 57 58 59 60 62 64 64 65 69 73 74 75 76 77 78 79 80 82 84 90 92 92 94 94 94 95 96 97 98 102 104 110 116 118 120 122 122 124 125 125 127 128 128 128 130 132 134 134 136 139 144 145 146 147 147 148 151 155 156 158 163 163 166 167 169 170 172 175 179 186 188 192 191 196 198 
3 4 5 7 11 14 14 15 16 17 17 26 26 27 29 31 32 34 36 38 41 44 47 48 54 57 58 59 60 62 64 64 65 69 73 74 75 76 77 78 79 80 82 84 90 92 92 94 94 94 95 96 97 98 102 104 110 116 118 120 122 122 124 125 125 127 128 128 128 130 132 134 134 136 139 144 145 146 147 147 148 151 155 156 158 163 163 166 167 169 170 172 175 179 186 188 192 191 196 198 
3 4 5 7 11 14 14 15 16 17 17 26 26 27 29 31 32 34 36 38 41 44 47 48 54 57 58 59 60 62 64 64 65 69 73 74 75 76 77 78 79 80 82 84 90 92 92 94 94 94 95 96 97 98 102 104 110 116 118 120 122 122 124 125 125 127 128 128 128 130 132 134 134 136 139 144 145 146 147 147 148 151 155 156 158 163 163 166 167 169 170 172 175 179 186 188 192 191 196 198 
3 4 5 7 11 14 14 15 16 17 17 26 26 27 29 31 32 34 36 38 41 44 47 48 54 57 58 59 60 62 64 64 65 69 73 74 75 76 77 78 79 80 82 84 90 92 92 94 94 94 95 96 97 98 102 104 110 116 118 120 122 122 124 125 125 127 128 128 128 130 132 134 134 136 139 144 145 146 147 147 148 151 155 156 158 163 163 166 167 169 170 172 175 179 186 188 191 192 196 198 
