84 188 17 155 57 122 116 90 128 146 124 163 32 120 5 79 128 104 158 4 130 41 125 44 156 47 191 16 163 147 139 82 192 198 144 169 64 11 3 14 15 29 54 151 148 170 125 65 179 62 74 59 127 58 92 73 134 167 132 110 122 94 136 94 36 97 147 27 196 31 172 38 14 76 118 64 7 175 96 26 145 17 134 98 60 26 80 94 77 78 186 166 75 48 92 69 95 102 34 128 
3 188 17 155 57 122 116 90 128 146 124 163 32 120 5 79 128 104 158 4 130 41 125 44 156 47 191 16 163 147 139 82 192 198 144 169 64 11 84 14 15 29 54 151 148 170 125 65 179 62 74 59 127 58 92 73 134 167 132 110 122 94 136 94 36 97 147 27 196 31 172 38 14 76 118 64 7 175 96 26 145 17 134 98 60 26 80 94 77 78 186 166 75 48 92 69 95 102 34 128 
3 4 17 155 57 122 116 90 128 146 124 163 32 120 5 79 128 104 158 188 130 41 125 44 156 47 191 16 163 147 139 82 192 198 144 169 64 11 84 14 15 29 54 151 148 170 125 65 179 62 74 59 127 58 92 73 134 167 132 110 122 94 136 94 36 97 147 27 196 31 172 38 14 76 118 64 7 175 96 26 145 17 134 98 60 26 80 94 77 78 186 166 75 48 92 69 95 102 34 128 
3 4 5 155 57 122 116 90 128 146 124 163 32 120 17 79 128 104 158 188 130 41 125 44 156 47 191 16 163 147 139 82 192 198 144 169 64 11 84 14 15 29 54 151 148 170 125 65 179 62 74 59 127 58 92 73 134 167 132 110 122 94 136 94 36 97 147 27 196 31 172 38 14 76 118 64 7 175 96 26 145 17 134 98 60 26 80 94 77 78 186 166 75 48 92 69 95 102 34 128 
3 4 5 7 57 122 116 90 128 146 124 163 32 120 17 79 128 104 158 188 130 41 125 44 156 47 191 16 163 147 139 82 192 198 144 169 64 11 84 14 15 29 54 151 148 170 125 65 179 62 74 59 127 58 92 73 134 167 132 110 122 94 136 94 36 97 147 27 196 31 172 38 14 76 118 64 155 175 96 26 145 17 134 98 60 26 80 94 77 78 186 166 75 48 92 69 95 102 34 128 
3 4 5 7 11 122 116 90 128 146 124 163 32 120 17 79 128 104 158 188 130 41 125 44 156 47 191 16 163 147 139 82 192 198 144 169 64 57 84 14 15 29 54 151 148 170 125 65 179 62 74 59 127 58 92 73 134 167 132 110 122 94 136 94 36 97 147 27 196 31 172 38 14 76 118 64 155 175 96 26 145 17 134 98 60 26 80 94 77 78 186 166 75 48 92 69 95 102 34 128 
3 4 5 7 11 14 116 90 128 146 124 163 32 120 17 79 128 104 158 188 130 41 125 44 156 47 191 16 163 147 139 82 192 198 144 169 64 57 84 122 15 29 54 151 148 170 125 65 179 62 74 59 127 58 92 73 134 167 132 110 122 94 136 94 36 97 147 27 196 31 172 38 14 76 118 64 155 175 96 26 145 17 134 98 60 26 80 94 77 78 186 166 75 48 92 69 95 102 34 128 
3 4 5 7 11 14 14 90 128 146 124 163 32 120 17 79 128 104 158 188 130 41 125 44 156 47 191 16 163 147 139 82 192 198 144 169 64 57 84 122 15 29 54 151 148 170 125 65 179 62 74 59 127 58 92 73 134 167 132 110 122 94 136 94 36 97 147 27 196 31 172 38 116 76 118 64 155 175 96 26 145 17 134 98 60 26 80 94 77 78 186 166 75 48 92 69 95 102 34 128 
3 4 5 7 11 14 14 15 128 146 124 163 32 120 17 79 128 104 158 188 130 41 125 44 156 47 191 16 163 147 139 82 192 198 144 169 64 57 84 122 90 29 54 151 148 170 125 65 179 62 74 59 127 58 92 73 134 167 132 110 122 94 136 94 36 97 147 27 196 31 172 38 116 76 118 64 155 175 96 26 145 17 134 98 60 26 80 94 77 78 186 166 75 48 92 69 95 102 34 128 
3 4 5 7 11 14 14 15 16 146 124 163 32 120 17 79 128 104 158 188 130 41 125 44 156 47 191 128 163 147 139 82 192 198 144 169 64 57 84 122 90 29 54 151 148 170 125 65 179 62 74 59 127 58 92 73 134 167 132 110 122 94 136 94 36 97 147 27 196 31 172 38 116 76 118 64 155 175 96 26 145 17 134 98 60 26 80 94 77 78 186 166 75 48 92 69 95 102 34 128 
3 4 5 7 11 14 14 15 16 17 124 163 32 120 146 79 128 104 158 188 130 41 125 44 156 47 191 128 163 147 139 82 192 198 144 169 64 57 84 122 90 29 54 151 148 170 125 65 179 62 74 59 127 58 92 73 134 167 132 110 122 94 136 94 36 97 147 27 196 31 172 38 116 76 118 64 155 175 96 26 145 17 134 98 60 26 80 94 77 78 186 166 75 48 92 69 95 102 34 128 
3 4 5 7 11 14 14 15 16 17 17 163 32 120 146 79 128 104 158 188 130 41 125 44 156 47 191 128 163 147 139 82 192 198 144 169 64 57 84 122 90 29 54 151 148 170 125 65 179 62 74 59 127 58 92 73 134 167 132 110 122 94 136 94 36 97 147 27 196 31 172 38 116 76 118 64 155 175 96 26 145 124 134 98 60 26 80 94 77 78 186 166 75 48 92 69 95 102 34 128 
3 4 5 7 11 14 14 15 16 17 17 26 32 120 146 79 128 104 158 188 130 41 125 44 156 47 191 128 163 147 139 82 192 198 144 169 64 57 84 122 90 29 54 151 148 170 125 65 179 62 74 59 127 58 92 73 134 167 132 110 122 94 136 94 36 97 147 27 196 31 172 38 116 76 118 64 155 175 96 163 145 124 134 98 60 26 80 94 77 78 186 166 75 48 92 69 95 102 34 128 
3 4 5 7 11 14 14 15 16 17 17 26 26 120 146 79 128 104 158 188 130 41 125 44 156 47 191 128 163 147 139 82 192 198 144 169 64 57 84 122 90 29 54 151 148 170 125 65 179 62 74 59 127 58 92 73 134 167 132 110 122 94 136 94 36 97 147 27 196 31 172 38 116 76 118 64 155 175 96 163 145 124 134 98 60 32 80 94 77 78 186 166 75 48 92 69 95 102 34 128 
3 4 5 7 11 14 14 15 16 17 17 26 26 27 146 79 128 104 158 188 130 41 125 44 156 47 191 128 163 147 139 82 192 198 144 169 64 57 84 122 90 29 54 151 148 170 125 65 179 62 74 59 127 58 92 73 134 167 132 110 122 94 136 94 36 97 147 120 196 31 172 38 116 76 118 64 155 175 96 163 145 124 134 98 60 32 80 94 77 78 186 166 75 48 92 69 95 102 34 128 
3 4 5 7 11 14 14 15 16 17 17 26 26 27 29 79 128 104 158 188 130 41 125 44 156 47 191 128 163 147 139 82 192 198 144 169 64 57 84 122 90 146 54 151 148 170 125 65 179 62 74 59 127 58 92 73 134 167 132 110 122 94 136 94 36 97 147 120 196 31 172 38 116 76 118 64 155 175 96 163 145 124 134 98 60 32 80 94 77 78 186 166 75 48 92 69 95 102 34 128 
3 4 5 7 11 14 14 15 16 17 17 26 26 27 29 31 128 104 158 188 130 41 125 44 156 47 191 128 163 147 139 82 192 198 144 169 64 57 84 122 90 146 54 151 148 170 125 65 179 62 74 59 127 58 92 73 134 167 132 110 122 94 136 94 36 97 147 120 196 79 172 38 116 76 118 64 155 175 96 163 145 124 134 98 60 32 80 94 77 78 186 166 75 48 92 69 95 102 34 128 
3 4 5 7 11 14 14 15 16 17 17 26 26 27 29 31 32 104 158 188 130 41 125 44 156 47 191 128 163 147 139 82 192 198 144 169 64 57 84 122 90 146 54 151 148 170 125 65 179 62 74 59 127 58 92 73 134 167 132 110 122 94 136 94 36 97 147 120 196 79 172 38 116 76 118 64 155 175 96 163 145 124 134 98 60 128 80 94 77 78 186 166 75 48 92 69 95 102 34 128 
3 4 5 7 11 14 14 15 16 17 17 26 26 27 29 31 32 34 158 188 130 41 125 44 156 47 191 128 163 147 139 82 192 198 144 169 64 57 84 122 90 146 54 151 148 170 125 65 179 62 74 59 127 58 92 73 134 167 132 110 122 94 136 94 36 97 147 120 196 79 172 38 116 76 118 64 155 175 96 163 145 124 134 98 60 128 80 94 77 78 186 166 75 48 92 69 95 102 104 128 
3 4 5 7 11 14 14 15 16 17 17 26 26 27 29 31 32 34 36 188 130 41 125 44 156 47 191 128 163 147 139 82 192 198 144 169 64 57 84 122 90 146 54 151 148 170 125 65 179 62 74 59 127 58 92 73 134 167 132 110 122 94 136 94 158 97 147 120 196 79 172 38 116 76 118 64 155 175 96 163 145 124 134 98 60 128 80 94 77 78 186 166 75 48 92 69 95 102 104 128 
3 4 5 7 11 14 14 15 16 17 17 26 26 27 29 31 32 34 36 38 130 41 125 44 156 47 191 128 163 147 139 82 192 198 144 169 64 57 84 122 90 146 54 151 148 170 125 65 179 62 74 59 127 58 92 73 134 167 132 110 122 94 136 94 158 97 147 120 196 79 172 188 116 76 118 64 155 175 96 163 145 124 134 98 60 128 80 94 77 78 186 166 75 48 92 69 95 102 104 128 
3 4 5 7 11 14 14 15 16 17 17 26 26 27 29 31 32 34 36 38 41 130 125 44 156 47 191 128 163 147 139 82 192 198 144 169 64 57 84 122 90 146 54 151 148 170 125 65 179 62 74 59 127 58 92 73 134 167 132 110 122 94 136 94 158 97 147 120 196 79 172 188 116 76 118 64 155 175 96 163 145 124 134 98 60 128 80 94 77 78 186 166 75 48 92 69 95 102 104 128 
3 4 5 7 11 14 14 15 16 17 17 26 26 27 29 31 32 34 36 38 41 44 125 130 156 47 191 128 163 147 139 82 192 198 144 169 64 57 84 122 90 146 54 151 148 170 125 65 179 62 74 59 127 58 92 73 134 167 132 110 122 94 136 94 158 97 147 120 196 79 172 188 116 76 118 64 155 175 96 163 145 124 134 98 60 128 80 94 77 78 186 166 75 48 92 69 95 102 104 128 
3 4 5 7 11 14 14 15 16 17 17 26 26 27 29 31 32 34 36 38 41 44 47 130 156 125 191 128 163 147 139 82 192 198 144 169 64 57 84 122 90 146 54 151 148 170 125 65 179 62 74 59 127 58 92 73 134 167 132 110 122 94 136 94 158 97 147 120 196 79 172 188 116 76 118 64 155 175 96 163 145 124 134 98 60 128 80 94 77 78 186 166 75 48 92 69 95 102 104 128 
3 4 5 7 11 14 14 15 16 17 17 26 26 27 29 31 32 34 36 38 41 44 47 48 156 125 191 128 163 147 139 82 192 198 144 169 64 57 84 122 90 146 54 151 148 170 125 65 179 62 74 59 127 58 92 73 134 167 132 110 122 94 136 94 158 97 147 120 196 79 172 188 116 76 118 64 155 175 96 163 145 124 134 98 60 128 80 94 77 78 186 166 75 130 92 69 95 102 104 128 
3 4 5 7 11 14 14 15 16 17 17 26 26 27 29 31 32 34 36 38 41 44 47 48 54 125 191 128 163 147 139 82 192 198 144 169 64 57 84 122 90 146 156 151 148 170 125 65 179 62 74 59 127 58 92 73 134 167 132 110 122 94 136 94 158 97 147 120 196 79 172 188 116 76 118 64 155 175 96 163 145 124 134 98 60 128 80 94 77 78 186 166 75 130 92 69 95 102 104 128 
3 4 5 7 11 14 14 15 16 17 17 26 26 27 29 31 32 34 36 38 41 44 47 48 54 57 191 128 163 147 139 82 192 198 144 169 64 125 84 122 90 146 156 151 148 170 125 65 179 62 74 59 127 58 92 73 134 167 132 110 122 94 136 94 158 97 147 120 196 79 172 188 116 76 118 64 155 175 96 163 145 124 134 98 60 128 80 94 77 78 186 166 75 130 92 69 95 102 104 128 
3 4 5 7 11 14 14 15 16 17 17 26 26 27 29 31 32 34 36 38 41 44 47 48 54 57 58 128 163 147 139 82 192 198 144 169 64 125 84 122 90 146 156 151 148 170 125 65 179 62 74 59 127 191 92 73 134 167 132 110 122 94 136 94 158 97 147 120 196 79 172 188 116 76 118 64 155 175 96 163 145 124 134 98 60 128 80 94 77 78 186 166 75 130 92 69 95 102 104 128 
3 4 5 7 11 14 14 15 16 17 17 26 26 27 29 31 32 34 36 38 41 44 47 48 54 57 58 59 163 147 139 82 192 198 144 169 64 125 84 122 90 146 156 151 148 170 125 65 179 62 74 128 127 191 92 73 134 167 132 110 122 94 136 94 158 97 147 120 196 79 172 188 116 76 118 64 155 175 96 163 145 124 134 98 60 128 80 94 77 78 186 166 75 130 92 69 95 102 104 128 
3 4 5 7 11 14 14 15 16 17 17 26 26 27 29 31 32 34 36 38 41 44 47 48 54 57 58 59 60 147 139 82 192 198 144 169 64 125 84 122 90 146 156 151 148 170 125 65 179 62 74 128 127 191 92 73 134 167 132 110 122 94 136 94 158 97 147 120 196 79 172 188 116 76 118 64 155 175 96 163 145 124 134 98 163 128 80 94 77 78 186 166 75 130 92 69 95 102 104 128 
3 4 5 7 11 14 14 15 16 17 17 26 26 27 29 31 32 34 36 38 41 44 47 48 54 57 58 59 60 62 139 82 192 198 144 169 64 125 84 122 90 146 156 151 148 170 125 65 179 147 74 128 127 191 92 73 134 167 132 110 122 94 136 94 158 97 147 120 196 79 172 188 116 76 118 64 155 175 96 163 145 124 134 98 163 128 80 94 77 78 186 166 75 130 92 69 95 102 104 128 
3 4 5 7 11 14 14 15 16 17 17 26 26 27 29 31 32 34 36 38 41 44 47 48 54 57 58 59 60 62 64 82 192 198 144 169 139 125 84 122 90 146 156 151 148 170 125 65 179 147 74 128 127 191 92 73 134 167 132 110 122 94 136 94 158 97 147 120 196 79 172 188 116 76 118 64 155 175 96 163 145 124 134 98 163 128 80 94 77 78 186 166 75 130 92 69 95 102 104 128 
3 4 5 7 11 14 14 15 16 17 17 26 26 27 29 31 32 34 36 38 41 44 47 48 54 57 58 59 60 62 64 64 192 198 144 169 139 125 84 122 90 146 156 151 148 170 125 65 179 147 74 128 127 191 92 73 134 167 132 110 122 94 136 94 158 97 147 120 196 79 172 188 116 76 118 82 155 175 96 163 145 124 134 98 163 128 80 94 77 78 186 166 75 130 92 69 95 102 104 128 
3 4 5 7 11 14 14 15 16 17 17 26 26 27 29 31 32 34 36 38 41 44 47 48 54 57 58 59 60 62 64 64 65 198 144 169 139 125 84 122 90 146 156 151 148 170 125 192 179 147 74 128 127 191 92 73 134 167 132 110 122 94 136 94 158 97 147 120 196 79 172 188 116 76 118 82 155 175 96 163 145 124 134 98 163 128 80 94 77 78 186 166 75 130 92 69 95 102 104 128 
3 4 5 7 11 14 14 15 16 17 17 26 26 27 29 31 32 34 36 38 41 44 47 48 54 57 58 59 60 62 64 64 65 69 144 169 139 125 84 122 90 146 156 151 148 170 125 192 179 147 74 128 127 191 92 73 134 167 132 110 122 94 136 94 158 97 147 120 196 79 172 188 116 76 118 82 155 175 96 163 145 124 134 98 163 128 80 94 77 78 186 166 75 130 92 198 95 102 104 128 
3 4 5 7 11 14 14 15 16 17 17 26 26 27 29 31 32 34 36 38 41 44 47 48 54 57 58 59 60 62 64 64 65 69 73 169 139 125 84 122 90 146 156 151 148 170 125 192 179 147 74 128 127 191 92 144 134 167 132 110 122 94 136 94 158 97 147 120 196 79 172 188 116 76 118 82 155 175 96 163 145 124 134 98 163 128 80 94 77 78 186 166 75 130 92 198 95 102 104 128 
3 4 5 7 11 14 14 15 16 17 17 26 26 27 29 31 32 34 36 38 41 44 47 48 54 57 58 59 60 62 64 64 65 69 73 74 139 125 84 122 90 146 156 151 148 170 125 192 179 147 169 128 127 191 92 144 134 167 132 110 122 94 136 94 158 97 147 120 196 79 172 188 116 76 118 82 155 175 96 163 145 124 134 98 163 128 80 94 77 78 186 166 75 130 92 198 95 102 104 128 
3 4 5 7 11 14 14 15 16 17 17 26 26 27 29 31 32 34 36 38 41 44 47 48 54 57 58 59 60 62 64 64 65 69 73 74 75 125 84 122 90 146 156 151 148 170 125 192 179 147 169 128 127 191 92 144 134 167 132 110 122 94 136 94 158 97 147 120 196 79 172 188 116 76 118 82 155 175 96 163 145 124 134 98 163 128 80 94 77 78 186 166 139 130 92 198 95 102 104 128 
3 4 5 7 11 14 14 15 16 17 17 26 26 27 29 31 32 34 36 38 41 44 47 48 54 57 58 59 60 62 64 64 65 69 73 74 75 76 84 122 90 146 156 151 148 170 125 192 179 147 169 128 127 191 92 144 134 167 132 110 122 94 136 94 158 97 147 120 196 79 172 188 116 125 118 82 155 175 96 163 145 124 134 98 163 128 80 94 77 78 186 166 139 130 92 198 95 102 104 128 
3 4 5 7 11 14 14 15 16 17 17 26 26 27 29 31 32 34 36 38 41 44 47 48 54 57 58 59 60 62 64 64 65 69 73 74 75 76 77 122 90 146 156 151 148 170 125 192 179 147 169 128 127 191 92 144 134 167 132 110 122 94 136 94 158 97 147 120 196 79 172 188 116 125 118 82 155 175 96 163 145 124 134 98 163 128 80 94 84 78 186 166 139 130 92 198 95 102 104 128 
3 4 5 7 11 14 14 15 16 17 17 26 26 27 29 31 32 34 36 38 41 44 47 48 54 57 58 59 60 62 64 64 65 69 73 74 75 76 77 78 90 146 156 151 148 170 125 192 179 147 169 128 127 191 92 144 134 167 132 110 122 94 136 94 158 97 147 120 196 79 172 188 116 125 118 82 155 175 96 163 145 124 134 98 163 128 80 94 84 122 186 166 139 130 92 198 95 102 104 128 
3 4 5 7 11 14 14 15 16 17 17 26 26 27 29 31 32 34 36 38 41 44 47 48 54 57 58 59 60 62 64 64 65 69 73 74 75 76 77 78 79 146 156 151 148 170 125 192 179 147 169 128 127 191 92 144 134 167 132 110 122 94 136 94 158 97 147 120 196 90 172 188 116 125 118 82 155 175 96 163 145 124 134 98 163 128 80 94 84 122 186 166 139 130 92 198 95 102 104 128 
3 4 5 7 11 14 14 15 16 17 17 26 26 27 29 31 32 34 36 38 41 44 47 48 54 57 58 59 60 62 64 64 65 69 73 74 75 76 77 78 79 80 156 151 148 170 125 192 179 147 169 128 127 191 92 144 134 167 132 110 122 94 136 94 158 97 147 120 196 90 172 188 116 125 118 82 155 175 96 163 145 124 134 98 163 128 146 94 84 122 186 166 139 130 92 198 95 102 104 128 
3 4 5 7 11 14 14 15 16 17 17 26 26 27 29 31 32 34 36 38 41 44 47 48 54 57 58 59 60 62 64 64 65 69 73 74 75 76 77 78 79 80 82 151 148 170 125 192 179 147 169 128 127 191 92 144 134 167 132 110 122 94 136 94 158 97 147 120 196 90 172 188 116 125 118 156 155 175 96 163 145 124 134 98 163 128 146 94 84 122 186 166 139 130 92 198 95 102 104 128 
3 4 5 7 11 14 14 15 16 17 17 26 26 27 29 31 32 34 36 38 41 44 47 48 54 57 58 59 60 62 64 64 65 69 73 74 75 76 77 78 79 80 82 84 148 170 125 192 179 147 169 128 127 191 92 144 134 167 132 110 122 94 136 94 158 97 147 120 196 90 172 188 116 125 118 156 155 175 96 163 145 124 134 98 163 128 146 94 151 122 186 166 139 130 92 198 95 102 104 128 
3 4 5 7 11 14 14 15 16 17 17 26 26 27 29 31 32 34 36 38 41 44 47 48 54 57 58 59 60 62 64 64 65 69 73 74 75 76 77 78 79 80 82 84 90 170 125 192 179 147 169 128 127 191 92 144 134 167 132 110 122 94 136 94 158 97 147 120 196 148 172 188 116 125 118 156 155 175 96 163 145 124 134 98 163 128 146 94 151 122 186 166 139 130 92 198 95 102 104 128 
3 4 5 7 11 14 14 15 16 17 17 26 26 27 29 31 32 34 36 38 41 44 47 48 54 57 58 59 60 62 64 64 65 69 73 74 75 76 77 78 79 80 82 84 90 92 125 192 179 147 169 128 127 191 170 144 134 167 132 110 122 94 136 94 158 97 147 120 196 148 172 188 116 125 118 156 155 175 96 163 145 124 134 98 163 128 146 94 151 122 186 166 139 130 92 198 95 102 104 128 
3 4 5 7 11 14 14 15 16 17 17 26 26 27 29 31 32 34 36 38 41 44 47 48 54 57 58 59 60 62 64 64 65 69 73 74 75 76 77 78 79 80 82 84 90 92 92 192 179 147 169 128 127 191 170 144 134 167 132 110 122 94 136 94 158 97 147 120 196 148 172 188 116 125 118 156 155 175 96 163 145 124 134 98 163 128 146 94 151 122 186 166 139 130 125 198 95 102 104 128 
3 4 5 7 11 14 14 15 16 17 17 26 26 27 29 31 32 34 36 38 41 44 47 48 54 57 58 59 60 62 64 64 65 69 73 74 75 76 77 78 79 80 82 84 90 92 92 94 179 147 169 128 127 191 170 144 134 167 132 110 122 192 136 94 158 97 147 120 196 148 172 188 116 125 118 156 155 175 96 163 145 124 134 98 163 128 146 94 151 122 186 166 139 130 125 198 95 102 104 128 
3 4 5 7 11 14 14 15 16 17 17 26 26 27 29 31 32 34 36 38 41 44 47 48 54 57 58 59 60 62 64 64 65 69 73 74 75 76 77 78 79 80 82 84 90 92 92 94 94 147 169 128 127 191 170 144 134 167 132 110 122 192 136 179 158 97 147 120 196 148 172 188 116 125 118 156 155 175 96 163 145 124 134 98 163 128 146 94 151 122 186 166 139 130 125 198 95 102 104 128 
3 4 5 7 11 14 14 15 16 17 17 26 26 27 29 31 32 34 36 38 41 44 47 48 54 57 58 59 60 62 64 64 65 69 73 74 75 76 77 78 79 80 82 84 90 92 92 94 94 94 169 128 127 191 170 144 134 167 132 110 122 192 136 179 158 97 147 120 196 148 172 188 116 125 118 156 155 175 96 163 145 124 134 98 163 128 146 147 151 122 186 166 139 130 125 198 95 102 104 128 
3 4 5 7 11 14 14 15 16 17 17 26 26 27 29 31 32 34 36 38 41 44 47 48 54 57 58 59 60 62 64 64 65 69 73 74 75 76 77 78 79 80 82 84 90 92 92 94 94 94 95 128 127 191 170 144 134 167 132 110 122 192 136 179 158 97 147 120 196 148 172 188 116 125 118 156 155 175 96 163 145 124 134 98 163 128 146 147 151 122 186 166 139 130 125 198 169 102 104 128 
3 4 5 7 11 14 14 15 16 17 17 26 26 27 29 31 32 34 36 38 41 44 47 48 54 57 58 59 60 62 64 64 65 69 73 74 75 76 77 78 79 80 82 84 90 92 92 94 94 94 95 96 127 191 170 144 134 167 132 110 122 192 136 179 158 97 147 120 196 148 172 188 116 125 118 156 155 175 128 163 145 124 134 98 163 128 146 147 151 122 186 166 139 130 125 198 169 102 104 128 
3 4 5 7 11 14 14 15 16 17 17 26 26 27 29 31 32 34 36 38 41 44 47 48 54 57 58 59 60 62 64 64 65 69 73 74 75 76 77 78 79 80 82 84 90 92 92 94 94 94 95 96 97 191 170 144 134 167 132 110 122 192 136 179 158 127 147 120 196 148 172 188 116 125 118 156 155 175 128 163 145 124 134 98 163 128 146 147 151 122 186 166 139 130 125 198 169 102 104 128 
3 4 5 7 11 14 14 15 16 17 17 26 26 27 29 31 32 34 36 38 41 44 47 48 54 57 58 59 60 62 64 64 65 69 73 74 75 76 77 78 79 80 82 84 90 92 92 94 94 94 95 96 97 98 170 144 134 167 132 110 122 192 136 179 158 127 147 120 196 148 172 188 116 125 118 156 155 175 128 163 145 124 134 191 163 128 146 147 151 122 186 166 139 130 125 198 169 102 104 128 
3 4 5 7 11 14 14 15 16 17 17 26 26 27 29 31 32 34 36 38 41 44 47 48 54 57 58 59 60 62 64 64 65 69 73 74 75 76 77 78 79 80 82 84 90 92 92 94 94 94 95 96 97 98 102 144 134 167 132 110 122 192 136 179 158 127 147 120 196 148 172 188 116 125 118 156 155 175 128 163 145 124 134 191 163 128 146 147 151 122 186 166 139 130 125 198 169 170 104 128 
3 4 5 7 11 14 14 15 16 17 17 26 26 27 29 31 32 34 36 38 41 44 47 48 54 57 58 59 60 62 64 64 65 69 73 74 75 76 77 78 79 80 82 84 90 92 92 94 94 94 95 96 97 98 102 104 134 167 132 110 122 192 136 179 158 127 147 120 196 148 172 188 116 125 118 156 155 175 128 163 145 124 134 191 163 128 146 147 151 122 186 166 139 130 125 198 169 170 144 128 
3 4 5 7 11 14 14 15 16 17 17 26 26 27 29 31 32 34 36 38 41 44 47 48 54 57 58 59 60 62 64 64 65 69 73 74 75 76 77 78 79 80 82 84 90 92 92 94 94 94 95 96 97 98 102 104 110 167 132 134 122 192 136 179 158 127 147 120 196 148 172 188 116 125 118 156 155 175 128 163 145 124 134 191 163 128 146 147 151 122 186 166 139 130 125 198 169 170 144 128 
3 4 5 7 11 14 14 15 16 17 17 26 26 27 29 31 32 34 36 38 41 44 47 48 54 57 58 59 60 62 64 64 65 69 73 74 75 76 77 78 79 80 82 84 90 92 92 94 94 94 95 96 97 98 102 104 110 116 132 134 122 192 136 179 158 127 147 120 196 148 172 188 167 125 118 156 155 175 128 163 145 124 134 191 163 128 146 147 151 122 186 166 139 130 125 198 169 170 144 128 
3 4 5 7 11 14 14 15 16 17 17 26 26 27 29 31 32 34 36 38 41 44 47 48 54 57 58 59 60 62 64 64 65 69 73 74 75 76 77 78 79 80 82 84 90 92 92 94 94 94 95 96 97 98 102 104 110 116 118 134 122 192 136 179 158 127 147 120 196 148 172 188 167 125 132 156 155 175 128 163 145 124 134 191 163 128 146 147 151 122 186 166 139 130 125 198 169 170 144 128 
3 4 5 7 11 14 14 15 16 17 17 26 26 27 29 31 32 34 36 38 41 44 47 48 54 57 58 59 60 62 64 64 65 69 73 74 75 76 77 78 79 80 82 84 90 92 92 94 94 94 95 96 97 98 102 104 110 116 118 120 122 192 136 179 158 127 147 134 196 148 172 188 167 125 132 156 155 175 128 163 145 124 134 191 163 128 146 147 151 122 186 166 139 130 125 198 169 170 144 128 
3 4 5 7 11 14 14 15 16 17 17 26 26 27 29 31 32 34 36 38 41 44 47 48 54 57 58 59 60 62 64 64 65 69 73 74 75 76 77 78 79 80 82 84 90 92 92 94 94 94 95 96 97 98 102 104 110 116 118 120 122 192 136 179 158 127 147 134 196 148 172 188 167 125 132 156 155 175 128 163 145 124 134 191 163 128 146 147 151 122 186 166 139 130 125 198 169 170 144 128 
3 4 5 7 11 14 14 15 16 17 17 26 26 27 29 31 32 34 36 38 41 44 47 48 54 57 58 59 60 62 64 64 65 69 73 74 75 76 77 78 79 80 82 84 90 92 92 94 94 94 95 96 97 98 102 104 110 116 118 120 122 122 136 179 158 127 147 134 196 148 172 188 167 125 132 156 155 175 128 163 145 124 134 191 163 128 146 147 151 192 186 166 139 130 125 198 169 170 144 128 
3 4 5 7 11 14 14 15 16 17 17 26 26 27 29 31 32 34 36 38 41 44 47 48 54 57 58 59 60 62 64 64 65 69 73 74 75 76 77 78 79 80 82 84 90 92 92 94 94 94 95 96 97 98 102 104 110 116 118 120 122 122 124 179 158 127 147 134 196 148 172 188 167 125 132 156 155 175 128 163 145 136 134 191 163 128 146 147 151 192 186 166 139 130 125 198 169 170 144 128 
3 4 5 7 11 14 14 15 16 17 17 26 26 27 29 31 32 34 36 38 41 44 47 48 54 57 58 59 60 62 64 64 65 69 73 74 75 76 77 78 79 80 82 84 90 92 92 94 94 94 95 96 97 98 102 104 110 116 118 120 122 122 124 125 158 127 147 134 196 148 172 188 167 179 132 156 155 175 128 163 145 136 134 191 163 128 146 147 151 192 186 166 139 130 125 198 169 170 144 128 
3 4 5 7 11 14 14 15 16 17 17 26 26 27 29 31 32 34 36 38 41 44 47 48 54 57 58 59 60 62 64 64 65 69 73 74 75 76 77 78 79 80 82 84 90 92 92 94 94 94 95 96 97 98 102 104 110 116 118 120 122 122 124 125 125 127 147 134 196 148 172 188 167 179 132 156 155 175 128 163 145 136 134 191 163 128 146 147 151 192 186 166 139 130 158 198 169 170 144 128 
3 4 5 7 11 14 14 15 16 17 17 26 26 27 29 31 32 34 36 38 41 44 47 48 54 57 58 59 60 62 64 64 65 69 73 74 75 76 77 78 79 80 82 84 90 92 92 94 94 94 95 96 97 98 102 104 110 116 118 120 122 122 124 125 125 127 147 134 196 148 172 188 167 179 132 156 155 175 128 163 145 136 134 191 163 128 146 147 151 192 186 166 139 130 158 198 169 170 144 128 
3 4 5 7 11 14 14 15 16 17 17 26 26 27 29 31 32 34 36 38 41 44 47 48 54 57 58 59 60 62 64 64 65 69 73 74 75 76 77 78 79 80 82 84 90 92 92 94 94 94 95 96 97 98 102 104 110 116 118 120 122 122 124 125 125 127 128 134 196 148 172 188 167 179 132 156 155 175 147 163 145 136 134 191 163 128 146 147 151 192 186 166 139 130 158 198 169 170 144 128 
3 4 5 7 11 14 14 15 16 17 17 26 26 27 29 31 32 34 36 38 41 44 47 48 54 57 58 59 60 62 64 64 65 69 73 74 75 76 77 78 79 80 82 84 90 92 92 94 94 94 95 96 97 98 102 104 110 116 118 120 122 122 124 125 125 127 128 128 196 148 172 188 167 179 132 156 155 175 147 163 145 136 134 191 163 134 146 147 151 192 186 166 139 130 158 198 169 170 144 128 
3 4 5 7 11 14 14 15 16 17 17 26 26 27 29 31 32 34 36 38 41 44 47 48 54 57 58 59 60 62 64 64 65 69 73 74 75 76 77 78 79 80 82 84 90 92 92 94 94 94 95 96 97 98 102 104 110 116 118 120 122 122 124 125 125 127 128 128 128 148 172 188 167 179 132 156 155 175 147 163 145 136 134 191 163 134 146 147 151 192 186 166 139 130 158 198 169 170 144 196 
3 4 5 7 11 14 14 15 16 17 17 26 26 27 29 31 32 34 36 38 41 44 47 48 54 57 58 59 60 62 64 64 65 69 73 74 75 76 77 78 79 80 82 84 90 92 92 94 94 94 95 96 97 98 102 104 110 116 118 120 122 122 124 125 125 127 128 128 128 130 172 188 167 179 132 156 155 175 147 163 145 136 134 191 163 134 146 147 151 192 186 166 139 148 158 198 169 170 144 196 
3 4 5 7 11 14 14 15 16 17 17 26 26 27 29 31 32 34 36 38 41 44 47 48 54 57 58 59 60 62 64 64 65 69 73 74 75 76 77 78 79 80 82 84 90 92 92 94 94 94 95 96 97 98 102 104 110 116 118 120 122 122 124 125 125 127 128 128 128 130 132 188 167 179 172 156 155 175 147 163 145 136 134 191 163 134 146 147 151 192 186 166 139 148 158 198 169 170 144 196 
3 4 5 7 11 14 14 15 16 17 17 26 26 27 29 31 32 34 36 38 41 44 47 48 54 57 58 59 60 62 64 64 65 69 73 74 75 76 77 78 79 80 82 84 90 92 92 94 94 94 95 96 97 98 102 104 110 116 118 120 122 122 124 125 125 127 128 128 128 130 132 134 167 179 172 156 155 175 147 163 145 136 188 191 163 134 146 147 151 192 186 166 139 148 158 198 169 170 144 196 
3 4 5 7 11 14 14 15 16 17 17 26 26 27 29 31 32 34 36 38 41 44 47 48 54 57 58 59 60 62 64 64 65 69 73 74 75 76 77 78 79 80 82 84 90 92 92 94 94 94 95 96 97 98 102 104 110 116 118 120 122 122 124 125 125 127 128 128 128 130 132 134 134 179 172 156 155 175 147 163 145 136 188 191 163 167 146 147 151 192 186 166 139 148 158 198 169 170 144 196 
3 4 5 7 11 14 14 15 16 17 17 26 26 27 29 31 32 34 36 38 41 44 47 48 54 57 58 59 60 62 64 64 65 69 73 74 75 76 77 78 79 80 82 84 90 92 92 94 94 94 95 96 97 98 102 104 110 116 118 120 122 122 124 125 125 127 128 128 128 130 132 134 134 136 172 156 155 175 147 163 145 179 188 191 163 167 146 147 151 192 186 166 139 148 158 198 169 170 144 196 
3 4 5 7 11 14 14 15 16 17 17 26 26 27 29 31 32 34 36 38 41 44 47 48 54 57 58 59 60 62 64 64 65 69 73 74 75 76 77 78 79 80 82 84 90 92 92 94 94 94 95 96 97 98 102 104 110 116 118 120 122 122 124 125 125 127 128 128 128 130 132 134 134 136 139 156 155 175 147 163 145 179 188 191 163 167 146 147 151 192 186 166 172 148 158 198 169 170 144 196 
3 4 5 7 11 14 14 15 16 17 17 26 26 27 29 31 32 34 36 38 41 44 47 48 54 57 58 59 60 62 64 64 65 69 73 74 75 76 77 78 79 80 82 84 90 92 92 94 94 94 95 96 97 98 102 104 110 116 118 120 122 122 124 125 125 127 128 128 128 130 132 134 134 136 139 144 155 175 147 163 145 179 188 191 163 167 146 147 151 192 186 166 172 148 158 198 169 170 156 196 
3 4 5 7 11 14 14 15 16 17 17 26 26 27 29 31 32 34 36 38 41 44 47 48 54 57 58 59 60 62 64 64 65 69 73 74 75 76 77 78 79 80 82 84 90 92 92 94 94 94 95 96 97 98 102 104 110 116 118 120 122 122 124 125 125 127 128 128 128 130 132 134 134 136 139 144 145 175 147 163 155 179 188 191 163 167 146 147 151 192 186 166 172 148 158 198 169 170 156 196 
3 4 5 7 11 14 14 15 16 17 17 26 26 27 29 31 32 34 36 38 41 44 47 48 54 57 58 59 60 62 64 64 65 69 73 74 75 76 77 78 79 80 82 84 90 92 92 94 94 94 95 96 97 98 102 104 110 116 118 120 122 122 124 125 125 127 128 128 128 130 132 134 134 136 139 144 145 146 147 163 155 179 188 191 163 167 175 147 151 192 186 166 172 148 158 198 169 170 156 196 
3 4 5 7 11 14 14 15 16 17 17 26 26 27 29 31 32 34 36 38 41 44 47 48 54 57 58 59 60 62 64 64 65 69 73 74 75 76 77 78 79 80 82 84 90 92 92 94 94 94 95 96 97 98 102 104 110 116 118 120 122 122 124 125 125 127 128 128 128 130 132 134 134 136 139 144 145 146 147 163 155 179 188 191 163 167 175 147 151 192 186 166 172 148 158 198 169 170 156 196 
3 4 5 7 11 14 14 15 16 17 17 26 26 27 29 31 32 34 36 38 41 44 47 48 54 57 58 59 60 62 64 64 65 69 73 74 75 76 77 78 79 80 82 84 90 92 92 94 94 94 95 96 97 98 102 104 110 116 118 120 122 122 124 125 125 127 128 128 128 130 132 134 134 136 139 144 145 146 147 147 155 179 188 191 163 167 175 163 151 192 186 166 172 148 158 198 169 170 156 196 
3 4 5 7 11 14 14 15 16 17 17 26 26 27 29 31 32 34 36 38 41 44 47 48 54 57 58 59 60 62 64 64 65 69 73 74 75 76 77 78 79 80 82 84 90 92 92 94 94 94 95 96 97 98 102 104 110 116 118 120 122 122 124 125 125 127 128 128 128 130 132 134 134 136 139 144 145 146 147 147 148 179 188 191 163 167 175 163 151 192 186 166 172 155 158 198 169 170 156 196 
3 4 5 7 11 14 14 15 16 17 17 26 26 27 29 31 32 34 36 38 41 44 47 48 54 57 58 59 60 62 64 64 65 69 73 74 75 76 77 78 79 80 82 84 90 92 92 94 94 94 95 96 97 98 102 104 110 116 118 120 122 122 124 125 125 127 128 128 128 130 132 134 134 136 139 144 145 146 147 147 148 151 188 191 163 167 175 163 179 192 186 166 172 155 158 198 169 170 156 196 
3 4 5 7 11 14 14 15 16 17 17 26 26 27 29 31 32 34 36 38 41 44 47 48 54 57 58 59 60 62 64 64 65 69 73 74 75 76 77 78 79 80 82 84 90 92 92 94 94 94 95 96 97 98 102 104 110 116 118 120 122 122 124 125 125 127 128 128 128 130 132 134 134 136 139 144 145 146 147 147 148 151 155 191 163 167 175 163 179 192 186 166 172 188 158 198 169 170 156 196 
3 4 5 7 11 14 14 15 16 17 17 26 26 27 29 31 32 34 36 38 41 44 47 48 54 57 58 59 60 62 64 64 65 69 73 74 75 76 77 78 79 80 82 84 90 92 92 94 94 94 95 96 97 98 102 104 110 116 118 120 122 122 124 125 125 127 128 128 128 130 132 134 134 136 139 144 145 146 147 147 148 151 155 156 163 167 175 163 179 192 186 166 172 188 158 198 169 170 191 196 
3 4 5 7 11 14 14 15 16 17 17 26 26 27 29 31 32 34 36 38 41 44 47 48 54 57 58 59 60 62 64 64 65 69 73 74 75 76 77 78 79 80 82 84 90 92 92 94 94 94 95 96 97 98 102 104 110 116 118 120 122 122 124 125 125 127 128 128 128 130 132 134 134 136 139 144 145 146 147 147 148 151 155 156 158 167 175 163 179 192 186 166 172 188 163 198 169 170 191 196 
3 4 5 7 11 14 14 15 16 17 17 26 26 27 29 31 32 34 36 38 41 44 47 48 54 57 58 59 60 62 64 64 65 69 73 74 75 76 77 78 79 80 82 84 90 92 92 94 94 94 95 96 97 98 102 104 110 116 118 120 122 122 124 125 125 127 128 128 128 130 132 134 134 136 139 144 145 146 147 147 148 151 155 156 158 163 175 167 179 192 186 166 172 188 163 198 169 170 191 196 
3 4 5 7 11 14 14 15 16 17 17 26 26 27 29 31 32 34 36 38 41 44 47 48 54 57 58 59 60 62 64 64 65 69 73 74 75 76 77 78 79 80 82 84 90 92 92 94 94 94 95 96 97 98 102 104 110 116 118 120 122 122 124 125 125 127 128 128 128 130 132 134 134 136 139 144 145 146 147 147 148 151 155 156 158 163 163 167 179 192 186 166 172 188 175 198 169 170 191 196 
3 4 5 7 11 14 14 15 16 17 17 26 26 27 29 31 32 34 36 38 41 44 47 48 54 57 58 59 60 62 64 64 65 69 73 74 75 76 77 78 79 80 82 84 90 92 92 94 94 94 95 96 97 98 102 104 110 116 118 120 122 122 124 125 125 127 128 128 128 130 132 134 134 136 139 144 145 146 147 147 148 151 155 156 158 163 163 166 179 192 186 167 172 188 175 198 169 170 191 196 
3 4 5 7 11 14 14 15 16 17 17 26 26 27 29 31 32 34 36 38 41 44 47 48 54 57 58 59 60 62 64 64 65 69 73 74 75 76 77 78 79 80 82 84 90 92 92 94 94 94 95 96 97 98 102 104 110 116 118 120 122 122 124 125 125 127 128 128 128 130 132 134 134 136 139 144 145 146 147 147 148 151 155 156 158 163 163 166 167 192 186 179 172 188 175 198 169 170 191 196 
3 4 5 7 11 14 14 15 16 17 17 26 26 27 29 31 32 34 36 38 41 44 47 48 54 57 58 59 60 62 64 64 65 69 73 74 75 76 77 78 79 80 82 84 90 92 92 94 94 94 95 96 97 98 102 104 110 116 118 120 122 122 124 125 125 127 128 128 128 130 132 134 134 136 139 144 145 146 147 147 148 151 155 156 158 163 163 166 167 169 186 179 172 188 175 198 192 170 191 196 
3 4 5 7 11 14 14 15 16 17 17 26 26 27 29 31 32 34 36 38 41 44 47 48 54 57 58 59 60 62 64 64 65 69 73 74 75 76 77 78 79 80 82 84 90 92 92 94 94 94 95 96 97 98 102 104 110 116 118 120 122 122 124 125 125 127 128 128 128 130 132 134 134 136 139 144 145 146 147 147 148 151 155 156 158 163 163 166 167 169 170 179 172 188 175 198 192 186 191 196 
3 4 5 7 11 14 14 15 16 17 17 26 26 27 29 31 32 34 36 38 41 44 47 48 54 57 58 59 60 62 64 64 65 69 73 74 75 76 77 78 79 80 82 84 90 92 92 94 94 94 95 96 97 98 102 104 110 116 118 120 122 122 124 125 125 127 128 128 128 130 132 134 134 136 139 144 145 146 147 147 148 151 155 156 158 163 163 166 167 169 170 172 179 188 175 198 192 186 191 196 
3 4 5 7 11 14 14 15 16 17 17 26 26 27 29 31 32 34 36 38 41 44 47 48 54 57 58 59 60 62 64 64 65 69 73 74 75 76 77 78 79 80 82 84 90 92 92 94 94 94 95 96 97 98 102 104 110 116 118 120 122 122 124 125 125 127 128 128 128 130 132 134 134 136 139 144 145 146 147 147 148 151 155 156 158 163 163 166 167 169 170 172 175 188 179 198 192 186 191 196 
3 4 5 7 11 14 14 15 16 17 17 26 26 27 29 31 32 34 36 38 41 44 47 48 54 57 58 59 60 62 64 64 65 69 73 74 75 76 77 78 79 80 82 84 90 92 92 94 94 94 95 96 97 98 102 104 110 116 118 120 122 122 124 125 125 127 128 128 128 130 132 134 134 136 139 144 145 146 147 147 148 151 155 156 158 163 163 166 167 169 170 172 175 179 188 198 192 186 191 196 
3 4 5 7 11 14 14 15 16 17 17 26 26 27 29 31 32 34 36 38 41 44 47 48 54 57 58 59 60 62 64 64 65 69 73 74 75 76 77 78 79 80 82 84 90 92 92 94 94 94 95 96 97 98 102 104 110 116 118 120 122 122 124 125 125 127 128 128 128 130 132 134 134 136 139 144 145 146 147 147 148 151 155 156 158 163 163 166 167 169 170 172 175 179 186 198 192 188 191 196 
3 4 5 7 11 14 14 15 16 17 17 26 26 27 29 31 32 34 36 38 41 44 47 48 54 57 58 59 60 62 64 64 65 69 73 74 75 76 77 78 79 80 82 84 90 92 92 94 94 94 95 96 97 98 102 104 110 116 118 120 122 122 124 125 125 127 128 128 128 130 132 134 134 136 139 144 145 146 147 147 148 151 155 156 158 163 163 166 167 169 170 172 175 179 186 188 192 198 191 196 
3 4 5 7 11 14 14 15 16 17 17 26 26 27 29 31 32 34 36 38 41 44 47 48 54 57 58 59 60 62 64 64 65 69 73 74 75 76 77 78 79 80 82 84 90 92 92 94 94 94 95 96 97 98 102 104 110 116 118 120 122 122 124 125 125 127 128 128 128 130 132 134 134 136 139 144 145 146 147 147 148 151 155 156 158 163 163 166 167 169 170 172 175 179 186 188 191 198 192 196 
3 4 5 7 11 14 14 15 16 17 17 26 26 27 29 31 32 34 36 38 41 44 47 48 54 57 58 59 60 62 64 64 65 69 73 74 75 76 77 78 79 80 82 84 90 92 92 94 94 94 95 96 97 98 102 104 110 116 118 120 122 122 124 125 125 127 128 128 128 130 132 134 134 136 139 144 145 146 147 147 148 151 155 156 158 163 163 166 167 169 170 172 175 179 186 188 191 192 198 196 
3 4 5 7 11 14 14 15 16 17 17 26 26 27 29 31 32 34 36 38 41 44 47 48 54 57 58 59 60 62 64 64 65 69 73 74 75 76 77 78 79 80 82 84 90 92 92 94 94 94 95 96 97 98 102 104 110 116 118 120 122 122 124 125 125 127 128 128 128 130 132 134 134 136 139 144 145 146 147 147 148 151 155 156 158 163 163 166 167 169 170 172 175 179 186 188 191 192 196 198 
